Episode,Ind_Q1_Loss,Ind_Q2_Loss,Ind_Policy_Loss,Pop_Q1_Loss,Pop_Q2_Loss,Pop_Policy_Loss
5,0.11727022,0.11554916,-4.0001745,0,0,0
6,0.028067734,0.022231095,-2.6894112,0,0,0
7,0.01356462,0.011943717,-5.4855766,0,0,0
8,0.07114505,0.0541887,-8.103207,0,0,0
9,0.017408542,0.010079062,-12.978672,0,0,0
10,0.020224588,0.01100231,-15.219803,0,0,0
11,0.014200253,0.044482194,-18.174614,0,0,0
12,0.018970806,0.091833286,-20.24656,0,0,0
13,0.012570506,0.025087645,-23.479218,0,0,0
14,0.10128021,0.014662565,-26.638863,0,0,0
15,0.02090722,0.029573862,-27.105698,0,0,0
16,0.044615634,0.016256973,-30.933601,0,0,0
17,0.14500384,0.020795189,-30.640503,0,0,0
18,0.044054285,0.020490639,-32.665688,0,0,0
19,0.103503995,0.06726585,-33.09401,0,0,0
20,0.112960845,0.07807504,-34.454105,0,0,0
21,0.13808013,0.064559594,-34.832825,0,0,0
22,0.09217839,0.17628601,-37.035,0,0,0
23,0.038439736,0.04924573,-39.116997,0,0,0
24,0.16882208,0.18070638,-38.176594,0,0,0
25,0.08943622,0.07790756,-38.587147,0,0,0
26,0.15429741,0.07354481,-41.524704,0,0,0
27,0.05547822,0.05238258,-42.03296,0,0,0
28,0.027363682,0.07036275,-41.962605,0,0,0
29,0.18976505,0.120283395,-43.134663,0,0,0
30,0.048621036,0.08250752,-43.032265,0,0,0
31,0.06605868,0.015818771,-44.08491,0,0,0
32,0.024621554,0.014021495,-43.617176,0,0,0
33,0.04504121,0.030198116,-42.821693,0,0,0
34,0.092467,0.02720398,-44.36515,0,0,0
35,0.06930995,0.032161646,-43.876045,0,0,0
36,0.058527626,0.09053759,-44.97083,0,0,0
37,0.046757687,0.025592908,-46.735546,0,0,0
38,0.07788474,0.10209337,-44.10265,0,0,0
39,0.12616776,0.047082335,-45.93316,0,0,0
40,0.052803982,0.28416806,-45.136314,0,0,0
41,0.07990399,0.06713358,-45.880688,0,0,0
