Episode,Ind_Q1_Loss,Ind_Q2_Loss,Ind_Policy_Loss,Pop_Q1_Loss,Pop_Q2_Loss,Pop_Policy_Loss
11,924553.44,924554.9,-4.0853515,0,0,0
12,795577.1,795575.6,-4.1284533,0,0,0
13,1050465.8,1050449.8,-4.0949445,0,0,0
14,660098.2,660106.5,-3.512466,0,0,0
15,913741.5,913357.56,-3.5283508,0,0,0
16,472578.5,472325.3,-2.1758566,0,0,0
17,712683.6,712210.0,0.47550416,0,0,0
18,900344.3,898385.5,-1.7032368,0,0,0
19,713009.7,710426.7,1.4961811,0,0,0
20,755102.1,751755.0,0.21203244,0,0,0
21,632002.4,626446.6,-0.5294049,0,0,0
22,439630.2,437512.44,6.846373,0,0,0
23,681467.2,678847.7,16.273743,0,0,0
24,513278.53,507906.25,16.315544,0,0,0
25,430347.44,425459.4,21.830336,0,0,0
26,251629.19,243537.5,-4.719179,0,0,0
27,194317.03,186905.98,-24.84615,0,0,0
28,183727.61,176143.0,8.087774,0,0,0
29,103136.83,93682.81,-41.400463,0,0,0
