Episode,Ind_Q1_Loss,Ind_Q2_Loss,Ind_Policy_Loss,Pop_Q1_Loss,Pop_Q2_Loss,Pop_Policy_Loss
3,1.4129744,1.3967063,-3.9296803,0.19539703,0.18958578,-3.9871414
4,0.3999265,0.38831735,-9.836037,0.019852232,0.019519892,-1.3968974
5,0.35040483,0.32596081,-19.648474,0.011219077,0.012580022,-1.4663916
6,0.4230082,0.42681873,-29.056612,0.007642242,0.0070639485,-2.1903508
7,0.38971236,0.36137277,-38.03205,0.013084201,0.011267325,-2.4022121
8,0.77904063,0.7411536,-46.017975,0.009125952,0.009152667,-3.4855595
9,0.2776453,0.26630723,-52.738796,0.00724056,0.0063067125,-3.5555716
10,0.33761397,0.30897605,-58.539898,0.014275664,0.015231762,-3.4852848
11,0.36662194,0.3860373,-63.420803,0.0068399105,0.005869437,-4.2594395
12,0.36040953,0.36799556,-68.71492,0.0073267696,0.0104117775,-4.72414
13,0.66826355,0.6486134,-73.020775,0.009614525,0.009471848,-4.788101
14,0.38108012,0.38991094,-77.18682,0.0181677,0.02537502,-6.1408143
15,0.3771557,0.40091333,-80.85066,0.014278874,0.008253991,-5.583113
16,1.0086824,1.0809757,-84.18468,0.0069028176,0.008470494,-6.3203154
17,1.092126,1.123321,-88.271835,0.029942118,0.019778341,-6.5777082
18,0.7396245,0.7724155,-90.812096,0.011813517,0.011787693,-6.931086
19,1.8687959,1.8596553,-93.11456,0.025541265,0.0204333,-6.7396145
20,1.3927362,1.4032593,-95.541,0.010605825,0.012381213,-7.804206
21,0.99871886,1.0279102,-98.42843,0.038084693,0.033601835,-7.822735
22,1.008142,0.9935287,-99.46298,0.029146653,0.030297488,-8.159939
23,3.2944024,3.350249,-102.08496,0.022481933,0.013802925,-8.5279
24,2.676227,2.9399009,-103.20095,0.021291401,0.02240545,-8.603991
25,0.8346386,0.8417654,-103.86007,0.020200606,0.016465893,-9.230122
26,0.81859565,0.8182759,-105.24206,0.027470078,0.040628698,-9.824576
27,0.80496335,0.9149362,-106.23314,0.017011013,0.024303794,-9.745457
28,2.3771496,2.5045972,-107.38621,0.02775319,0.039098255,-9.853731
29,1.1731738,1.249761,-108.90743,0.033345975,0.026177555,-9.637318
30,0.39171576,0.39289984,-109.03751,0.022421284,0.026470972,-11.007808
31,1.3127877,1.3959275,-110.16834,0.025437202,0.023244921,-9.967438
32,0.65728015,0.60012686,-110.74559,0.019879613,0.016370883,-10.018474
33,0.6366923,0.57111555,-111.45511,0.02335803,0.026176933,-11.193466
34,1.6637855,1.7381225,-113.22369,0.083017096,0.05007725,-10.689992
35,0.9490416,0.9906307,-112.098434,0.04240495,0.039682522,-10.239113
36,0.98169017,1.0421304,-112.14259,0.040010907,0.020823281,-12.110574
37,0.65310705,0.7251328,-112.54808,0.0437703,0.0977289,-10.73871
38,0.50167114,0.5035262,-112.602356,0.068173856,0.030616546,-12.04148
39,0.89079595,0.99835235,-113.910706,0.051798433,0.084226385,-11.336391
40,0.9375676,0.9484076,-112.54472,0.03993304,0.02401042,-12.937321
41,0.524089,0.53869826,-113.93567,0.038680475,0.052758764,-13.357349
42,0.829122,0.82511663,-113.67981,0.041687958,0.097046405,-12.117241
43,0.37149048,0.41326684,-112.53044,0.047084074,0.051393725,-13.333876
44,0.43943736,0.45687264,-113.92494,0.065892026,0.06828244,-11.979153
45,3.6035693,3.8047702,-115.375336,0.042750455,0.03855347,-14.439915
46,2.2948012,2.3659692,-114.12629,0.08583176,0.08925654,-13.947296
47,0.8150215,0.85304546,-113.14592,0.045650057,0.046184935,-14.033261
48,0.9902315,1.0017412,-112.80797,0.04024666,0.036573887,-13.2204485
49,0.9929106,1.0345712,-114.21501,0.037124783,0.03498381,-14.195456
50,3.0488455,3.2314465,-114.370255,0.08392021,0.060965557,-15.433701
51,0.6241757,0.62397623,-113.17223,0.1042304,0.078915164,-14.837249
