Episode,Timestep,X_Position,Y_Position,Rewards,Cumulative_Rewards,Motor1_Action,Motor2_Action,Motor3_Action,Motor4_Action,Motor5_Action,Motor6_Action,X_State,Y_State,Z_State,Y_Heading,Motor1_Pos,Motor2_Pos,Motor3_Pos,Motor4_Pos,Motor5_Pos,Motor6_Pos,Plate1,Plate2,Plate3,Plate4,Plate5,Plate6,Plate7
0,0,-0.7597843408584595,-0.8305755853652954,1.5901524458910827,1.5901524458910827,0.9855765915221748,-0.5916938304131587,0.22105792551519343,-0.2302836611933896,-0.6308866817874994,-0.8192454008514689,-76.92388892173767,0.0,0.0,0.0,0.005847953216374213,-0.006822612085769952,-0.007797270955165692,-0.059454191033138426,-0.01851851851851849,-0.025341130604288553,0.6,0.6,0.6,0.6,0.6,0.6,0.6
0,1,-0.691209614276886,-0.912876546382904,1.1609568335742992,2.751109279465382,-0.49077174928381706,-0.22103664188488037,0.6200295463442567,0.9315147212399408,0.5121720072597378,0.6495588015335803,-75.97843408584595,10.83790734410286,-83.05755853652954,-0.2008681544492769,0.5916179337231968,-0.36549707602339176,0.13255360623781676,-0.12962962962962965,-0.35672514619883045,-0.48830409356725146,0.6,0.6,0.6,0.6,0.6,0.6,0.6
0,2,-0.7718762755393982,-0.8969272375106812,1.6915301089642114,4.442639388429593,0.15472165500007873,-0.5960421272397289,0.17760802053748526,-0.5213338296808774,-0.702850689143306,0.204447158204478,-69.1209614276886,-0.03814473748207092,-8.230096101760864,0.39515868310115504,-0.30896686159844056,-0.16471734892787526,0.331384015594542,0.4736842105263157,0.25243664717348935,0.36549707602339176,0.6,0.6,0.6,0.6,0.6,0.6,0.6
0,3,-0.7777008414268494,-0.8820366263389587,1.753279479393266,6.19591886782286,0.40029493711446307,0.5060064735293748,0.7360262338212236,-0.07393652476415791,0.11185163624255079,-0.6104190216842686,-77.18762755393982,0.08931532502174377,1.59493088722229,0.14525199721903906,0.10038986354775825,-0.3372319688109162,0.15399610136452235,-0.03898635477582846,-0.36744639376218324,0.14619883040935666,0.6,0.6,0.6,0.6,0.6,0.6,0.6
0,4,-0.7781403660774231,-0.9101753830909729,1.7317762175524787,7.927695085375339,0.7098663445431543,-0.061191031596339096,0.4930235703702075,0.001541685074837984,-0.007021981320801451,0.2556047495160174,-77.77008414268494,-0.021898001432418823,1.4890611171722412,-0.10604406770899083,0.232943469785575,0.2992202729044835,0.4200779727095516,-0.08576998050682261,0.030214424951267027,-0.3879142300194932,0.6,0.6,0.6,0.6,0.6,0.6,0.6
0,5,-0.7714338898658752,-0.9081401228904724,1.7563826977256545,9.684077783100992,-0.05723933031866624,-0.8105675481831556,0.03292734541723963,0.6271928866682006,0.5494546241836422,-0.4590178796783646,-77.81403660774231,-0.012287497520446777,-2.813875675201416,0.12926167409107403,0.4259259259259258,-0.03606237816764135,0.3070175438596492,-0.016569200779727122,-0.015594541910331383,0.14035087719298245,0.6,0.6,0.6,0.6,0.6,0.6,0.6
0,6,-0.7872270345687866,-0.8747997879981995,1.7865777036859822,11.470655486786974,0.530049041589465,-0.7141946339208853,-0.0492087035139015,-0.9797913934094333,0.25521511644671957,-0.8357429914651564,-77.14338898658752,-0.0021494925022125244,0.20352602005004883,0.07870072200617528,-0.03898635477582846,-0.5009746588693957,0.020467836257309857,0.3693957115009747,0.32163742690058483,-0.2826510721247564,0.6,0.6,0.6,0.6,0.6,0.6,0.6
0,7,-0.7635348439216614,-0.9316920638084412,1.5421264617685062,13.01278194855548,0.6002419220403465,0.12835612543466768,0.42118119379207597,0.7096381486402521,-0.36701368689816305,0.8746308943328005,-78.72270345687866,0.05771368741989136,3.334033489227295,-0.11032762447123048,0.3294346978557505,-0.4249512670565302,-0.007797270955165692,-0.5087719298245614,0.18810916179337234,-0.49610136452241715,0.6,0.6,0.6,0.6,0.6,0.6,0.6
0,8,-0.7714765071868896,-0.9237400889396667,1.7620258842415977,14.774807832797077,0.5048423236246993,0.5121876637874894,0.266996866909023,-0.3015873133369289,0.6998606660721534,-0.6779651598784808,-76.35348439216614,-0.025944411754608154,-5.68922758102417,0.2629400781653896,0.3469785575048734,0.04580896686159841,0.20662768031189094,0.3401559454191032,-0.26608187134502925,0.5077972709551657,0.6,0.6,0.6,0.6,0.6,0.6,0.6
0,9,-0.7740852236747742,-0.8997011780738831,1.8414418281089695,16.616249660906046,-0.7827041663102707,0.22178470232505942,-0.05883396254546258,0.7404601098192738,-0.8992737451533412,-0.392398699766366,-77.14765071868896,-0.010655075311660767,0.7951974868774414,0.07322109706047858,0.3099415204678362,0.30311890838206623,0.16179337231968804,-0.18810916179337234,0.42397660818713456,-0.4064327485380117,0.6,0.6,0.6,0.6,0.6,0.6,0.6
0,10,-0.7714134454727173,-0.9035778641700745,1.775086988203543,18.39133664910959,-0.15172130860394084,-0.5121733782504214,0.47470412634108694,0.918514581170629,-0.6801029496669397,0.049899137279734385,-77.40852236747742,-0.005765259265899658,2.403891086578369,-0.003850434484239113,-0.47953216374269003,0.13547758284600397,-0.02729044834307992,0.45906432748538006,-0.5224171539961013,-0.23879142300194933,0.6,0.6,0.6,0.6,0.6,0.6,0.6
0,11,-0.7693844437599182,-0.9107595086097717,1.7590960429751472,20.15043269208474,-0.9988806995268518,-0.7149107381022386,0.8304754701985688,-0.13509303570862197,0.780770483472802,-0.4993583016204468,-77.14134454727173,-0.028931349515914917,-0.3876686096191406,0.05991797391091862,-0.0964912280701754,-0.3079922027290448,0.2787524366471734,0.5438596491228069,-0.4249512670565302,0.012670565302144166,0.6,0.6,0.6,0.6,0.6,0.6,0.6
0,12,-0.7515987753868103,-0.9207634329795837,1.4524499342922368,21.602882626376974,-0.9338582050350905,0.9442292303323447,0.807714244838643,-0.6111270025019337,0.5743515082822879,0.6014369462778848,-76.93844437599182,0.011792033910751343,-0.7181644439697266,0.06814231461653167,-0.6052631578947368,-0.42690058479532167,0.5048732943469785,-0.09746588693957114,0.45029239766081863,-0.31384015594541914,0.6,0.6,0.6,0.6,0.6,0.6,0.6
0,13,-0.7674965858459473,-0.9282281398773193,1.5809144611165888,23.183797087493563,0.29696044825230095,0.6967487005110606,-0.06986662134970412,0.13956799545620147,-0.3048578279339009,0.25958278890794206,-75.15987753868103,-0.026016682386398315,-1.0003924369812012,0.3083686291001477,-0.5847953216374269,0.567251461988304,0.47953216374269014,-0.3801169590643275,0.34600389863547765,0.3508771929824561,0.6,0.6,0.6,0.6,0.6,0.6,0.6
0,14,-0.7651920318603516,-0.9212904572486877,1.6195544320195838,24.803351519513146,-0.9653314097110819,0.8299325265433943,0.7473242277288932,0.5074960703421054,-0.37585904151466987,0.40904389957769394,-76.74965858459473,0.057747215032577515,-0.7464706897735596,0.23913285685006416,0.16959064327485374,0.4113060428849902,-0.0292397660818714,0.09649122807017552,-0.165692007797271,0.16666666666666674,0.6,0.6,0.6,0.6,0.6,0.6,0.6
0,15,-0.742416262626648,-0.934822678565979,1.3260072843889976,26.129358803902143,0.6360130748789639,-0.033229226501408915,0.5650449149275292,0.416681498394039,-0.040706836944234714,0.9469614806116715,-76.51920318603516,-0.0004157423973083496,0.6937682628631592,0.1917604876937151,-0.5906432748538012,0.4970760233918128,0.4307992202729045,0.27192982456140347,-0.2348927875243665,0.2407407407407407,0.6,0.6,0.6,0.6,0.6,0.6,0.6
0,16,-0.7487508654594421,-0.9364835619926453,1.4333236181079412,27.562682422010084,0.5822030317376841,-0.9868746663459202,0.7108178772757205,0.570416438991056,0.13465504749359858,0.35683864756704464,-74.2416262626648,-0.07673501968383789,-1.353222131729126,0.4016583066761427,0.37914230019493167,-0.033138401559454245,0.34600389863547765,0.24951267056530213,-0.033138401559454245,0.5623781676413255,0.6,0.6,0.6,0.6,0.6,0.6,0.6
0,17,-0.7601123452186584,-0.9332346320152283,1.5286868814402026,29.091369303450286,-0.2776486713715902,-0.9493499971027044,-0.2904106945052427,0.7669993170684517,-0.5469067258260505,0.3811605139239975,-74.87508654594421,0.0185549259185791,-0.16608834266662598,0.3171311836662677,0.35672514619883033,-0.5974658869395711,0.42884990253411304,0.3421052631578947,0.07699805068226118,0.22027290448343084,0.6,0.6,0.6,0.6,0.6,0.6,0.6
0,18,-0.7625024914741516,-0.9331026673316956,1.5392924476633443,30.630661751113628,-0.11870101924194265,0.6543325477981101,-0.7074191760922668,-0.22945761447323054,0.6958726267794137,0.1870938819134751,-76.01123452186584,0.022858381271362305,0.3248929977416992,0.263556873476806,-0.165692007797271,-0.5740740740740741,-0.1578947368421053,0.4922027290448343,-0.30604288499025345,0.23586744639376223,0.6,0.6,0.6,0.6,0.6,0.6,0.6
0,19,-0.7682241201400757,-0.9337560534477234,1.5625168138265375,32.19317856494017,-0.8454240076857609,0.3674125975974236,-0.8501935487816241,0.4877783515914398,-0.1375514998341656,0.384683589776859,-76.25024914741516,0.03655478358268738,0.013196468353271484,0.26189470273011306,-0.08966861598440545,0.3898635477582846,-0.4249512670565302,-0.14619883040935677,0.4249512670565303,0.1120857699805069,0.6,0.6,0.6,0.6,0.6,0.6,0.6
0,20,-0.7862374186515808,-0.8828443288803101,1.7140413494735485,33.907219914413716,0.07441593767593568,-0.8517390180089797,0.7427323746480399,0.14550219277254461,-0.7344132483649222,-0.8468612399143027,-76.82241201400757,-0.012905150651931763,-0.0653386116027832,0.26029773632893727,-0.5136452241715399,0.2192982456140351,-0.5136452241715399,0.29532163742690054,-0.07407407407407407,0.232943469785575,0.6,0.6,0.6,0.6,0.6,0.6,0.6
0,21,-0.7860207557678223,-0.8827732801437378,1.7681535340587748,35.67537344847249,0.8781024748439663,0.9816499552306903,-0.21387258376670037,0.6416547840250293,-0.9944738557603452,-0.39287142894125915,-78.62374186515808,-0.00023692846298217773,5.091172456741333,-0.1789180545554913,0.03801169590643272,-0.5214424951267056,0.44249512670565294,0.08479532163742687,-0.43469785575048736,-0.5077972709551657,0.6,0.6,0.6,0.6,0.6,0.6,0.6
0,22,-0.7845553159713745,-0.9256638288497925,1.63866026347006,37.31403371194255,0.6306969985728645,0.3797077341206907,0.6944530400495823,-0.30375473857234137,0.11017046559905741,0.71367375856941,-78.60207557678223,-0.0014804303646087646,0.0071048736572265625,-0.12394326566380774,0.5204678362573099,0.5847953216374269,-0.1393762183235867,0.3771929824561404,-0.6062378167641326,-0.253411306042885,0.6,0.6,0.6,0.6,0.6,0.6,0.6
0,23,-0.810018002986908,-0.8849213123321533,1.8890994893960533,39.2031332013386,-0.9598114559849364,0.43914015155134556,-0.8171507592015741,0.04243613235923638,0.07187972567720458,-0.8931143985978396,-78.45553159713745,0.02308189868927002,-4.289054870605469,0.24761440272200194,0.3908382066276803,0.2270955165692008,0.41617933723196887,-0.21247563352826515,0.040935672514619936,0.4230019493177388,0.6,0.6,0.6,0.6,0.6,0.6,0.6
0,24,-0.7956523299217224,-0.8965478539466858,1.8000850741896923,41.0032182755283,0.9455394239907353,0.9317902036735828,-0.8416296697636563,-0.47451968029393066,-0.2616938286651733,0.5634601801389088,-81.0018002986908,0.07053017616271973,4.074251651763916,-0.10143544396651107,-0.5828460038986355,0.2651072124756335,-0.47953216374269003,0.03801169590643272,0.05555555555555558,-0.53411306042885,0.6,0.6,0.6,0.6,0.6,0.6,0.6
0,25,-0.7922800779342651,-0.8882727026939392,1.763913816967212,42.76713209249551,-0.23946040352019038,-0.4555700242368479,-0.9475357092352155,-0.330851145110002,-0.7659125100170328,0.746436735385718,-79.56523299217224,-0.09725242853164673,-1.162654161453247,0.13081299339648447,0.5692007797270955,0.5565302144249513,-0.4922027290448343,-0.2807017543859649,-0.16374269005847952,0.33040935672514626,0.6,0.6,0.6,0.6,0.6,0.6,0.6
0,26,-0.798815906047821,-0.874258279800415,1.8270870601846485,44.594219152680154,-0.5076627931667741,-0.33026804837501866,-0.8342159404820939,-0.7232685738452158,0.6823486962608727,-0.8181354796000084,-79.22800779342651,0.00042766332626342773,0.8275151252746582,0.15329254842729023,-0.1393762183235867,-0.26608187134502925,-0.5428849902534113,-0.17738791423001954,-0.4171539961013645,0.4541910331384016,0.6,0.6,0.6,0.6,0.6,0.6,0.6
0,27,-0.8052247762680054,-0.9200388789176941,1.9011142238570242,46.495333376537175,0.823353693476728,-0.6892055719437877,-0.023883244502568957,0.0673224941891728,0.6566748517443337,-0.14835872762253843,-79.8815906047821,0.0075817108154296875,1.401442289352417,-0.11676082504343317,-0.3021442495126706,-0.2056530214424951,-0.5136452241715399,-0.4434697855750487,0.4122807017543859,-0.4941520467836257,0.6,0.6,0.6,0.6,0.6,0.6,0.6
0,28,-0.8065558671951294,-0.9077470898628235,1.9590721788757735,48.45440555541295,0.5657183857071042,-0.5731996967421285,0.38222147163308673,-0.34333942823715224,-0.7916853807891859,0.03300968085175482,-80.52247762680054,0.023330748081207275,-4.578059911727905,0.06928380835251792,0.49025341130604283,-0.4385964912280702,-0.05458089668615984,-0.00974658869395717,0.3664717348927875,-0.12085769980506822,0.6,0.6,0.6,0.6,0.6,0.6,0.6
0,29,-0.7958356142044067,-0.917664110660553,1.772335043143445,50.22674059855639,-0.31147215108464765,0.8788400870867703,-0.1771123997961408,-0.5670694664842355,0.39218676034058797,0.43319759200429897,-80.65558671951294,0.0052228569984436035,1.2291789054870605,0.016893741565930202,0.334307992202729,-0.3538011695906432,0.230019493177388,-0.2007797270955166,-0.45321637426900585,0.0185185185185186,0.6,0.6,0.6,0.6,0.6,0.6,0.6
0,30,-0.7879936099052429,-0.9197216629981995,1.6901952546253314,51.91693585318172,-0.24909747479374444,0.8058495621738471,0.20463729481751414,0.16048338563714215,-0.6894510866461638,0.91307213208358,-79.58356142044067,-0.007938593626022339,-0.9917020797729492,0.15931049063428163,-0.19688109161793377,0.5204678362573099,-0.11793372319688111,-0.35964912280701755,0.21637426900584789,0.24463937621832366,0.6,0.6,0.6,0.6,0.6,0.6,0.6
0,31,-0.8106465935707092,-0.9113380312919617,1.9449498441961666,53.861885697377886,0.0011416786184008654,0.13815629162737153,-0.8544154185172026,-0.31134905216103825,0.1398657321284067,-0.3540851524781401,-78.79936099052429,-0.007729232311248779,-0.20575523376464844,0.20977337850993003,-0.17056530214424948,0.4814814814814814,0.10331384015594547,0.08284600389863539,-0.42884990253411304,0.5380116959064327,0.6,0.6,0.6,0.6,0.6,0.6,0.6
0,32,-0.8013380169868469,-0.9318187832832336,1.8718426406061217,55.733728337984004,0.6008464042908288,-0.0455394505743314,0.023963504871025387,0.3024484405864811,0.7484459925914297,-0.41628487261287384,-81.06465935707092,0.018922239542007446,0.8383631706237793,0.04824381353236965,-0.006822612085769952,0.08479532163742687,-0.49317738791423005,-0.17153996101364521,0.09551656920077978,-0.20662768031189083,0.6,0.6,0.6,0.6,0.6,0.6,0.6
0,33,-0.819664716720581,-0.8845090866088867,1.9630188017111614,57.69674713969516,0.5390382073268916,-0.47873882380509225,-0.8148782211763472,-0.2538934784336815,-0.6521677670005717,0.23110895491062178,-80.13380169868469,-0.008788704872131348,-2.0480751991271973,0.08240290708042863,0.3528265107212476,-0.041910331384015564,-0.015594541910331383,0.14327485380116967,0.40545808966861596,-0.267056530214425,0.6,0.6,0.6,0.6,0.6,0.6,0.6
0,34,-0.7550386190414429,-0.9235321879386902,1.3172119269369986,59.01395906663216,-0.7160757215677356,-0.7546138700429372,-0.30912424902796953,0.7947936303699363,0.4512205921577921,0.9839704261841333,-81.9664716720581,0.007709860801696777,4.730969667434692,0.06878199798211694,0.3372319688109162,-0.2777777777777778,-0.4522417153996101,-0.11403508771929827,-0.3606237816764133,0.1471734892787524,0.6,0.6,0.6,0.6,0.6,0.6,0.6
0,35,-0.8004394769668579,-0.9359644651412964,1.7607123759555365,60.774671442587696,-0.7492467898389701,-0.6821682655018309,0.4557179257578996,-0.48038267758347697,-0.2929100919764358,0.04206536467594768,-75.50386190414429,-0.0524178147315979,-3.9023101329803467,0.4562232764529268,-0.4415204678362573,-0.47173489278752434,-0.20955165692007793,0.4580896686159843,0.2485380116959064,0.5789473684210527,0.6,0.6,0.6,0.6,0.6,0.6,0.6
0,36,-0.8089848756790161,-0.8938518762588501,1.8986126725360388,62.673284115123735,-0.6299144066007893,0.2639325057567927,-0.14165521121515945,-0.9558127375643539,-0.8093398696865841,0.3967878031113512,-80.04394769668579,0.0786900520324707,-1.2432277202606201,0.1898213277735885,-0.45321637426900585,-0.40253411306042886,0.3050682261208577,-0.24269005847953218,-0.13840155945419108,0.05263157894736836,0.6,0.6,0.6,0.6,0.6,0.6,0.6
0,37,-0.8171084523200989,-0.8805583715438843,1.971579605653793,64.64486372077752,-0.7457530667265466,0.6115590957104953,-0.5697908476143465,0.16614667828652108,-0.9942691846613481,-0.07638341818819527,-80.89848756790161,-0.032235682010650635,4.211258888244629,0.08756155020073035,-0.38888888888888884,0.17153996101364521,-0.051656920077972734,-0.5360623781676414,-0.44541910331384016,0.24756335282651065,0.6,0.6,0.6,0.6,0.6,0.6,0.6
0,38,-0.8186964392662048,-0.8754972219467163,1.8568879188013754,66.5017516395789,0.8469046620846288,0.297982496686257,-0.46118616092351683,-0.46165607868530945,0.5696529555228287,-0.9473162595120286,-81.71084523200989,0.008685141801834106,1.329350471496582,-0.04918913084131715,-0.44541910331384016,0.36744639376218324,-0.34307992202729043,0.09746588693957126,-0.6033138401559455,-0.03801169590643272,0.6,0.6,0.6,0.6,0.6,0.6,0.6
0,39,-0.7929034233093262,-0.9372254014015198,1.5998603348799005,68.1016119744588,-0.630761232654568,0.9304168483956357,0.24017172410476562,0.44873928315428846,-0.036828147927084665,0.7198657706627507,-81.86964392662048,0.0028036534786224365,0.5061149597167969,-0.17072579159218956,0.5097465886939572,0.17153996101364521,-0.2855750487329435,-0.29824561403508776,0.32456140350877183,-0.5935672514619883,0.6,0.6,0.6,0.6,0.6,0.6,0.6
0,40,-0.7865509390830994,-0.9312955737113953,1.5254966720396514,69.62710864649846,0.30865126024082734,-0.844943443897997,0.27599446323407917,-0.903577070763304,0.5977373802672232,0.3929455020667503,-79.29034233093262,-0.005754828453063965,-6.172817945480347,0.3198681904960995,-0.3908382066276803,0.5350877192982457,0.09649122807017552,0.2270955165692008,-0.07017543859649122,0.398635477582846,0.6,0.6,0.6,0.6,0.6,0.6,0.6
0,41,-0.7708392143249512,-0.9403418898582458,1.4758910553226308,71.10299970182109,0.4060435232743269,0.5224616611263251,0.9952854095882937,0.9475988888060001,-0.4208399177304254,0.8108391226272604,-78.65509390830994,-0.05372539162635803,0.5929827690124512,0.36871178472924193,0.19005847953216382,-0.5,0.18226120857699812,-0.5155945419103314,0.37037037037037046,0.24171539961013644,0.6,0.6,0.6,0.6,0.6,0.6,0.6
0,42,-0.7740293145179749,-0.9236862063407898,1.6219393556744395,72.72493905749553,-0.3633776591289348,-0.8348471119026304,-0.12226414221665283,0.7158526626521979,0.9782856216215909,-0.9007413076529311,-77.08392143249512,0.015726685523986816,-0.9046316146850586,0.35691186861559204,0.22807017543859653,0.27972709551656916,0.5565302144249513,0.37037037037037046,-0.2884990253411306,0.4814814814814814,0.6,0.6,0.6,0.6,0.6,0.6,0.6
0,43,-0.7777384519577026,-0.9347327947616577,1.4420910156076756,74.1670300731032,-0.4489997669853001,-0.46146563493769777,0.353375840069738,0.8706817972011331,0.16608779258755613,0.4281527644829479,-77.40293145179749,0.01506805419921875,1.6655683517456055,0.22313693204431187,-0.21345029239766078,-0.5097465886939572,-0.06530214424951264,0.4405458089668617,0.6033138401559455,-0.543859649122807,0.6,0.6,0.6,0.6,0.6,0.6,0.6
0,44,-0.8452733159065247,-0.9120535850524902,2.0945871105313283,76.26161718363453,0.6432642137012166,0.7425360270241397,-0.6086941986796226,-0.339500621610231,-0.8051212722928611,-0.6351396262930631,-77.77203321456909,-0.04596337676048279,-1.104581356048584,0.4173085141878619,-0.2777777777777778,-0.2855750487329435,0.2056530214424952,0.5292397660818713,0.0935672514619883,0.2465886939571149,0.6,0.6,0.6,0.6,0.6,0.6,0.6
0,45,-0.8508869409561157,-0.9208890199661255,2.054991789890089,78.31660897352462,0.5920477673945386,0.14394901207554556,-0.09333983359996645,-0.2239734911560931,-0.04343957518177799,0.4412791638622906,-84.52733159065247,0.14723539352416992,2.26784348487854,-0.05171224944288942,0.39668615984405453,0.47465886939571145,-0.29239766081871343,0.0721247563352827,-0.4015594541910331,-0.34600389863547754,0.6,0.6,0.6,0.6,0.6,0.6,0.6
0,46,-0.8415393829345703,-0.9215245246887207,1.9095665242691195,80.22617549779375,-0.6973051050419525,0.5309815957269379,-0.7679486103267952,0.09698018490260396,0.7888536439391562,0.26601389562044275,-85.08869409561157,-0.040102750062942505,-0.8835434913635254,0.117401323335223,0.3635477582846003,0.07894736842105265,-0.06140350877192979,-0.14912280701754388,-0.0536062378167641,0.24269005847953218,0.6,0.6,0.6,0.6,0.6,0.6,0.6
0,47,-0.8386087417602539,-0.9204494953155518,1.846291339548801,82.07246683734255,-0.34444767430645196,0.6238851600085826,-0.5316028029373245,-0.357285687828671,0.39157752942409596,0.5369571321804674,-84.15393829345703,0.02674385905265808,-0.06355047225952148,0.21957813327089562,-0.42592592592592593,0.3109161793372319,-0.4727095516569201,0.029239766081871288,0.4405458089668617,0.14619883040935666,0.6,0.6,0.6,0.6,0.6,0.6,0.6
0,48,-0.8325591683387756,-0.9339534640312195,2.033123135235254,84.1055899725778,0.9176125785611597,0.9430484023970682,0.13091323500665286,0.6647482126199284,-0.11621843809295984,-0.22472045546468933,-83.86087417602539,-0.012995302677154541,0.10750293731689453,0.26950087512572873,-0.22319688109161795,0.37037037037037046,-0.34307992202729043,-0.22124756335282647,0.23976608187134496,0.31189083820662766,0.6,0.6,0.6,0.6,0.6,0.6,0.6
0,49,-0.8257105946540833,-0.9326560497283936,2.043472926940043,86.14906289951784,-0.69037091907065,0.12823235580210213,0.480982059044994,0.47704117724742945,0.45103888859213814,-0.9598408542844901,-83.25591683387756,0.02402961254119873,-1.3503968715667725,0.055413781806761146,0.5555555555555556,0.571150097465887,0.050682261208577106,0.36257309941520477,-0.09746588693957114,-0.15204678362573099,0.6,0.6,0.6,0.6,0.6,0.6,0.6
0,50,-0.8508673310279846,-0.897956371307373,1.9921929102904397,88.14125580980829,0.07026361915173229,0.48563133847910556,-0.3579443115073686,-0.7291890357316269,-0.6911421468763563,0.6563487491990305,-82.57105946540833,0.004315376281738281,0.12974143028259277,-0.014702332195741184,-0.4230019493177388,0.07894736842105265,0.2884990253411306,0.27972709551656916,0.25536062378167634,-0.5935672514619883,0.6,0.6,0.6,0.6,0.6,0.6,0.6
0,51,-0.851895272731781,-0.8923914432525635,2.0746916295556024,90.21594743936389,0.4283961772941989,0.21269922039867106,0.43096108713190073,0.34920225318625575,-0.8981089776355053,0.7259122822275528,-85.08673310279846,-0.04166513681411743,3.469967842102051,0.18010841144896245,0.03801169590643272,0.3070175438596492,-0.16666666666666663,-0.3664717348927875,-0.36549707602339176,0.4083820662768032,0.6,0.6,0.6,0.6,0.6,0.6,0.6
0,52,-0.8640821576118469,-0.831087589263916,2.045666593529038,92.26161403289292,-0.13634363186325116,0.5004504676119867,-0.9576821091107985,-0.5417064149589257,-0.7090468384935058,-0.49590318784830933,-85.1895272731781,-0.016391277313232422,0.556492805480957,0.10242742149019458,0.2465886939571149,0.11403508771929816,0.2270955165692008,0.1793372319688109,-0.5623781676413255,0.42884990253411304,0.6,0.6,0.6,0.6,0.6,0.6,0.6
0,53,-0.8554307222366333,-0.8800109624862671,2.001875671792491,94.26348970468541,-0.740815975135457,-0.43058457519021975,-0.5465771700921775,0.34369380112316694,-0.14787908352510715,0.8323033061130631,-86.40821576118469,0.12781471014022827,6.130385398864746,-0.1895231764810821,-0.07602339181286555,0.31189083820662766,-0.5467836257309941,-0.2748538011695907,-0.39961013645224175,-0.2865497076023392,0.6,0.6,0.6,0.6,0.6,0.6,0.6
0,54,-0.8698239326477051,-0.8904420137405396,2.2123469991485925,96.475836703834,0.6008563347852574,0.7751925863448146,-0.4698580072049676,0.4272205305968404,0.20967280276827904,-0.4570364675707994,-85.54307222366333,-0.10484158992767334,-4.892337322235107,0.19190806626278786,-0.45614035087719296,-0.27972709551656916,-0.3499025341130604,0.18421052631578938,-0.11695906432748537,0.4922027290448343,0.6,0.6,0.6,0.6,0.6,0.6,0.6
0,55,-0.8395028710365295,-0.902787983417511,1.8566900944516822,98.33252679828568,-0.26204558520572796,-0.9903707200214569,0.35618607586623896,-0.2609510205298258,-0.6976767536229613,0.9959662531994804,-86.98239326477051,0.026635825634002686,-1.043105125427246,-0.05082166184252483,0.36159844054580903,0.4834307992202729,-0.3206627680311891,0.22027290448343084,0.08966861598440556,-0.297270955165692,0.6,0.6,0.6,0.6,0.6,0.6,0.6
0,56,-0.8498387932777405,-0.9055225253105164,2.0711889038090483,100.40371570209473,0.9304730428825345,-0.8541094860866598,-0.8174435301443359,0.17837206969787944,0.23512835201292326,-0.2007751839657559,-83.95028710365295,-0.024428963661193848,-1.2345969676971436,0.2631655425088523,-0.15204678362573099,-0.5740740740740741,0.22904483430799227,-0.14912280701754388,-0.4142300194931774,0.5984405458089668,0.6,0.6,0.6,0.6,0.6,0.6,0.6
0,57,-0.8322651982307434,-0.9186234474182129,1.8125409052889987,102.21625660738373,-0.629016036909849,-0.4906518366799002,0.9519041223233702,-0.28949906433533434,0.5588042728019578,0.5291730879318426,-84.98387932777405,0.008688867092132568,-0.2734541893005371,0.09630427080749561,0.5614035087719298,-0.5243664717348928,-0.47758284600389866,0.10916179337231968,0.14035087719298245,-0.12085769980506822,0.6,0.6,0.6,0.6,0.6,0.6,0.6
0,58,-0.8428679704666138,-0.8877817392349243,2.053631364431588,104.26988797181531,-0.515604696551113,-0.5820612014318383,0.36438721241468275,0.45617889520367516,-0.8005994056998718,-0.6691477489935325,-83.21784138679504,-0.05027279257774353,-1.3142585754394531,0.27429433821276633,-0.38888888888888884,-0.3187134502923976,0.5477582846003899,-0.2056530214424951,0.3128654970760234,0.30799220272904493,0.6,0.6,0.6,0.6,0.6,0.6,0.6
0,59,-0.8459586501121521,-0.9131671786308289,2.066344551818885,106.3362325236342,-0.3558196048792124,-0.39512554031749314,0.1956583746243168,0.40198033154144275,0.6482197487958026,-0.40995383403545205,-84.28679704666138,0.08408799767494202,3.0883371829986572,-0.08159884095823,-0.3294346978557505,-0.3528265107212476,0.22319688109161784,0.2865497076023391,-0.4658869395711501,-0.398635477582846,0.6,0.6,0.6,0.6,0.6,0.6,0.6
0,60,-0.817855715751648,-0.9260587692260742,1.7160388098133825,108.05227133344758,-0.018521077593990132,0.10480690638108237,-0.7808539606339719,0.6546337564835498,0.6089379617972988,0.43017878667333154,-84.59586501121521,-0.05610436201095581,-2.538543939590454,0.08312084988975196,-0.22904483430799216,-0.24561403508771928,0.11111111111111116,0.23099415204678353,0.3606237816764133,-0.27192982456140347,0.6,0.6,0.6,0.6,0.6,0.6,0.6
0,61,-0.8500692844390869,-0.8912261724472046,2.1025880324584123,110.15485936590599,-0.8058776161807901,0.25930458738336704,0.13058807607823053,-0.987211876756857,-0.13788287989391046,-0.6032600387523481,-81.7855715751648,-0.02286583185195923,-1.2891590595245361,0.307947600185436,-0.01754385964912286,0.06237816764132553,-0.46686159844054576,0.3762183235867447,0.35185185185185186,0.23879142300194922,0.6,0.6,0.6,0.6,0.6,0.6,0.6
0,62,-0.8402107357978821,-0.9235333204269409,1.9810114331918145,112.1358707990978,-0.926073323155669,0.7755008908967671,0.5726404607548812,-0.1571940678244328,0.3610877493967011,0.1684542550490853,-85.00692844390869,0.07046535611152649,3.483259677886963,-0.0659815539341573,-0.4892787524366472,0.168615984405458,0.11013645224171542,-0.53411306042885,-0.03898635477582846,-0.3450292397660819,0.6,0.6,0.6,0.6,0.6,0.6,0.6
0,63,-0.8544602394104004,-0.8875590562820435,2.161999056765088,114.29786985586288,0.5840390560683912,-0.4002388840684441,-0.19951552635879644,-0.6730609095658888,-0.42682844894716543,-0.027258139317652752,-84.02107357978821,-0.017821788787841797,-3.230714797973633,0.14206758426471236,-0.5701754385964912,0.45516569200779733,0.30799220272904493,-0.13547758284600386,0.17738791423001943,0.07017543859649122,0.6,0.6,0.6,0.6,0.6,0.6,0.6
0,64,-0.8518200516700745,-0.8825914859771729,2.1080094418360273,116.40587929769892,-0.12055029245328708,0.41726317352784137,-0.5530563966844424,-0.34599092193408154,0.641719667067645,-0.5861057859711436,-85.44602394104004,0.0020362436771392822,3.597426414489746,0.027195539159924762,0.35185185185185186,-0.2407407407407407,-0.09161793372319693,-0.37329434697855746,-0.22124756335282647,-0.003898635477582846,0.6,0.6,0.6,0.6,0.6,0.6,0.6
0,65,-0.8294732570648193,-0.9244445562362671,1.8940720043918997,118.29995130209082,0.07574961918570744,0.03403128919083653,0.007678570274065377,0.8710795804994613,0.6631977038642758,-0.09341813596163306,-85.18200516700745,-0.023855268955230713,0.49675703048706055,-0.0687566451787979,-0.0721247563352827,0.24951267056530213,-0.33040935672514615,-0.22514619883040932,0.368421052631579,-0.36549707602339176,0.6,0.6,0.6,0.6,0.6,0.6,0.6
0,66,-0.8303905129432678,-0.9189915657043457,1.9108423260544425,120.21079362814525,-0.09892324748130132,-0.05907431179723299,0.9979158961596646,-0.8878819187461975,0.1224303990037805,-0.08638110972672974,-82.94732570648193,0.015179067850112915,-4.185307025909424,0.1807198353439222,0.025341130604288553,-0.003898635477582846,-0.07017543859649122,0.4220272904483431,0.3606237816764133,-0.09259259259259256,0.6,0.6,0.6,0.6,0.6,0.6,0.6
0,67,-0.8245787620544434,-0.9175114631652832,1.9962912695646788,122.20708489770993,0.16787030624044808,0.40102218449043536,0.6499281812679039,0.31462474176325883,0.9261812350774545,-0.8215859077507564,-83.03905129432678,0.00016689300537109375,0.5452990531921387,0.16802402923262305,-0.06140350877192979,-0.030214424951267027,0.6130604288499026,-0.5155945419103314,0.08771929824561409,-0.05458089668615984,0.6,0.6,0.6,0.6,0.6,0.6,0.6
0,68,-0.8396570682525635,-0.9084098935127258,1.8701576110910634,124.07724250880099,-0.21206443677139042,-0.48789073599958677,-0.23478573556404259,-0.6339451089478167,0.36578284378349313,0.3408308687864532,-82.45787620544434,-0.039701908826828,0.14801025390625,0.05691612119451956,0.08674463937621835,0.2270955165692008,0.36257309941520477,0.13450292397660824,0.5214424951267056,-0.5146198830409356,0.6,0.6,0.6,0.6,0.6,0.6,0.6
0,69,-0.8606487512588501,-0.9049677848815918,2.1436125804734143,126.22085508927441,0.4568491420806715,-0.22518784161866656,0.3626110162714604,0.001375250570556652,-0.7261205760117235,0.20271987386533663,-83.96570682525635,0.028464198112487793,0.9101569652557373,0.2503997027885736,-0.1228070175438597,-0.2992202729044834,-0.12670565302144254,-0.3771929824561403,0.232943469785575,0.21539961013645215,0.6,0.6,0.6,0.6,0.6,0.6,0.6
0,70,-0.8555125594139099,-0.9181633591651917,2.0264130904699877,128.2472681797444,-0.00261796072627285,-0.5246739731389354,0.8866584154639474,0.20382847096374768,-0.09612899111769524,0.5155537642329551,-86.06487512588501,0.04288330674171448,0.3442108631134033,0.07503754311786916,0.2787524366471734,-0.1413255360623782,0.20662768031189094,-0.003898635477582846,-0.43957115009746583,0.12670565302144254,0.6,0.6,0.6,0.6,0.6,0.6,0.6
0,71,-0.85419762134552,-0.9077534079551697,1.9713271465186541,130.21859532626306,-0.05203360370454857,-0.1357824324007313,-0.26147285264650044,-0.6841730259889298,-0.25620914715435905,0.632263391828694,-85.55125594139099,-0.02635568380355835,-1.3195574283599854,0.1677581420119891,-0.006822612085769952,-0.3362573099415205,0.5048732943469785,0.07309941520467844,-0.10818713450292394,0.2836257309941521,0.6,0.6,0.6,0.6,0.6,0.6,0.6
0,72,-0.8528974652290344,-0.9195365309715271,2.063021706841638,132.28161703310468,-0.20143258403343145,0.5087841581949979,0.8427392957260371,-0.42252771260529776,0.844713693730285,-0.20270940350550792,-85.419762134552,0.00635981559753418,1.0409951210021973,0.2166275149149835,-0.024366471734892814,-0.07309941520467833,-0.12475633528265107,-0.3771929824561403,-0.14327485380116955,0.3820662768031189,0.6,0.6,0.6,0.6,0.6,0.6,0.6
0,73,-0.8287274837493896,-0.919478714466095,1.7220807823908268,134.0036978154955,-0.8285904585647219,-0.2470340381634728,0.16401347149366807,0.8358539706766361,0.827818571087132,0.43069482274392223,-85.28974652290344,0.015553832054138184,-1.1783123016357422,0.11880632744891796,-0.12962962962962965,0.2992202729044835,0.4863547758284601,-0.2884990253411306,0.4756335282651072,-0.1442495126705653,0.6,0.6,0.6,0.6,0.6,0.6,0.6
0,74,-0.8654651641845703,-0.9052194356918335,1.9471738304808155,135.95087164597632,0.011290456094209977,-0.4143386002077454,-0.531170227646169,-0.5472250990297103,0.1497777929807249,0.5936749840666933,-82.87274837493896,-0.08578822016716003,0.005781650543212891,0.34940515912968156,-0.5116959064327485,-0.16959064327485385,0.06432748538011701,0.4337231968810915,0.469785575048733,0.23391812865497075,0.6,0.6,0.6,0.6,0.6,0.6,0.6
0,75,-0.8981242179870605,-0.8444000482559204,2.2863350082110014,138.23720665418733,0.07625862801741157,-0.3670876638326155,-0.751170585105196,-0.25872852381580924,-0.7820649669097448,-0.1988872477650756,-86.54651641845703,0.08062943816184998,1.4259278774261475,0.29471847033591086,0.013645224171539905,-0.24171539961013644,-0.27192982456140347,-0.2729044834307992,0.14035087719298245,0.368421052631579,0.6,0.6,0.6,0.6,0.6,0.6,0.6
0,76,-0.8947097659111023,-0.8528720736503601,2.343652372433994,140.58085902662134,-0.9662198555489734,-0.7656787550217588,-0.33986760157265494,-0.2059487537850837,-0.7867485823204574,0.3191657537426631,-89.81242179870605,0.06698966026306152,6.081938743591309,-0.12076067313821236,0.04775828460038989,-0.216374269005848,-0.41812865497076024,-0.1257309941520468,-0.43469785575048736,-0.10331384015594547,0.6,0.6,0.6,0.6,0.6,0.6,0.6
0,77,-0.88984215259552,-0.8833605051040649,2.185959530194151,142.76681855681548,-0.4628153990365844,-0.8992885812867633,-0.2801609541339507,0.6678117600540925,0.08759321089955474,0.5918532995048957,-89.47097659111023,-0.054257363080978394,-0.8472025394439697,-0.0455334151998855,-0.5857699805068226,-0.46101364522417154,-0.19980506822612087,-0.11988304093567248,-0.47953216374269003,0.18031189083820665,0.6,0.6,0.6,0.6,0.6,0.6,0.6
0,78,-0.8946269154548645,-0.8880307674407959,2.3829392916149024,145.14975784843037,-0.6559736612878166,0.5831543721213861,0.8063631638375282,0.37419645695157544,-0.04611622505519475,-0.33023608866220444,-88.984215259552,-0.034461915493011475,-3.0488431453704834,0.17795694940234894,-0.2962962962962963,-0.5623781676413255,-0.19883040935672514,0.3693957115009747,0.01754385964912286,0.3401559454191032,0.6,0.6,0.6,0.6,0.6,0.6,0.6
0,79,-0.8731923699378967,-0.8964762687683105,1.9102052522633757,147.05996310069375,0.7200950478923303,-0.8207851438471696,-0.20149005380431118,0.22892704493925753,0.2465172699310607,0.6424238573401349,-89.46269154548645,0.04907175898551941,-0.4670262336730957,-0.005813815841034082,-0.4064327485380117,0.3021442495126705,0.44541910331384016,0.19688109161793377,-0.049707602339181256,-0.20955165692007793,0.6,0.6,0.6,0.6,0.6,0.6,0.6
0,80,-0.9088660478591919,-0.8790168166160583,2.4149587496448315,149.47492185033857,-0.10032544114638653,0.5494290494642418,-0.0035227882639998764,0.9439617100630691,-0.4778611660186356,-0.6694824445108434,-87.31923699378967,-0.03410652279853821,-0.8445501327514648,0.3695652397129804,0.4405458089668617,-0.4922027290448343,-0.09844054580896688,0.1471734892787524,0.15009746588693962,0.39181286549707606,0.6,0.6,0.6,0.6,0.6,0.6,0.6
0,81,-0.8820616006851196,-0.8945556282997131,2.062966700900258,151.53788855123884,-0.8340961790723882,-0.681618913260293,0.6160697878675245,-0.8741126542919553,0.8333856210938355,0.1643500794780337,-90.88660478591919,0.062125176191329956,1.7459452152252197,-0.049488722361274676,-0.06725146198830412,0.32748538011695905,-0.01949317738791423,0.5692007797270955,-0.28460038986354774,-0.4005847953216374,0.6,0.6,0.6,0.6,0.6,0.6,0.6
0,82,-0.882357120513916,-0.8909844756126404,1.9986762183104314,153.53656476954927,0.10829183138451537,-0.5374994134625495,-0.7767962068078271,0.9413500455749102,0.4376326573175131,0.7073739808722654,-88.20616006851196,-0.05037561058998108,-1.5538811683654785,0.2611916838785499,-0.5009746588693957,-0.4093567251461988,0.3908382066276803,-0.52046783625731,0.5136452241715399,0.09844054580896677,0.6,0.6,0.6,0.6,0.6,0.6,0.6
0,83,-0.9091232419013977,-0.8849073052406311,2.4593699516274246,155.9959347211767,0.5491337425777076,-0.1897562017083274,0.6345916366061615,0.8550971535440504,-0.3495837795730703,-0.3067949905928675,-88.2357120513916,-0.0019416213035583496,0.3571152687072754,0.326978166370691,0.06920077972709548,-0.3255360623781677,-0.46393762183235865,0.5526315789473684,0.2456140350877194,0.42397660818713456,0.6,0.6,0.6,0.6,0.6,0.6,0.6
0,84,-0.9063764810562134,-0.8939541578292847,2.172832904194772,158.16876762537146,0.8689559610380635,-0.1940506985247057,-0.2619776710950663,0.13540044957821662,-0.09659612691688868,0.541818866403065,-90.91232419013977,0.02274438738822937,0.6077170372009277,0.006469675384353637,0.3206627680311891,-0.1257309941520468,0.3723196881091617,0.5077972709551657,-0.2222222222222222,-0.18518518518518523,0.6,0.6,0.6,0.6,0.6,0.6,0.6
0,85,-0.9077230095863342,-0.8842251896858215,2.450090471852266,160.61885809722372,-0.8858185679231587,0.020441676682140253,-0.2802303895735294,0.7464917688804777,0.5725863679298806,-0.8046556400538143,-90.63764810562134,0.00038295984268188477,-0.9046852588653564,0.2781850617957338,0.5233918128654971,-0.115009746588694,-0.13547758284600386,0.10916179337231968,-0.05458089668615984,0.331384015594542,0.6,0.6,0.6,0.6,0.6,0.6,0.6
0,86,-0.9255355596542358,-0.841688334941864,2.3313256565471754,162.9501837537709,-0.1928050369501073,-0.6326910505581682,0.12169468524551474,-0.6490877096981054,-0.39807437250546096,-0.8264486225986025,-90.77230095863342,0.04234835505485535,0.9728968143463135,0.008180713271857737,-0.5389863547758285,0.007797270955165692,-0.17251461988304095,0.4337231968810915,0.34405458089668617,-0.4844054580896686,0.6,0.6,0.6,0.6,0.6,0.6,0.6
0,87,-0.9171718955039978,-0.8536341786384583,2.420117788511607,165.3703015422825,0.7047634288790174,0.7291481501023871,0.9905112877612678,-0.9935760841988504,0.23753815925522703,-0.160668462387761,-92.55355596542358,-0.0026009976863861084,4.253685474395752,-0.22522840724701357,-0.11598440545808963,-0.3713450292397661,0.1072124756335282,-0.3265107212475633,-0.19200779727095518,-0.4892787524366472,0.6,0.6,0.6,0.6,0.6,0.6,0.6
0,88,-0.9327241778373718,-0.8595880270004272,2.485671256662867,167.85597279894537,0.994834667695941,0.4109738977683701,-0.4455177299835176,0.3658176007956666,-0.041269119842319846,-0.3386507204095728,-91.71718955039978,-0.035371631383895874,-1.1945843696594238,-0.08974347918205786,0.4171539961013646,0.4337231968810915,0.5750487329434697,-0.6306042884990253,0.1150097465886939,-0.11695906432748537,0.6,0.6,0.6,0.6,0.6,0.6,0.6
0,89,-0.9173864722251892,-0.8874319791793823,2.324299062802281,170.18027186174766,-0.5558483937758469,-0.43076038614268275,0.03239888919978284,0.1282728303711631,0.04797467025354063,0.7522384825218638,-93.27241778373718,0.0033721327781677246,-0.5953848361968994,-0.11180317080125456,0.5964912280701755,0.23684210526315796,-0.2758284600389863,0.2056530214424952,-0.041910331384015564,-0.21345029239766078,0.6,0.6,0.6,0.6,0.6,0.6,0.6
0,90,-0.9143924713134766,-0.891751229763031,2.4874713508064534,172.66774321255411,-0.09238356874401732,-0.4582912637989718,0.949397263793712,0.15843793617455448,0.4722436493048381,-0.46361300002945627,-91.73864722251892,-0.006812065839767456,-2.784395217895508,0.18674798487669794,-0.33820662768031184,-0.2573099415204678,0.015594541910331383,0.06627680311890849,0.0009746588693957392,0.43664717348927873,0.6,0.6,0.6,0.6,0.6,0.6,0.6
0,91,-0.9233348965644836,-0.879497766494751,2.5369871138742655,175.20473032642838,-0.9156407092474335,0.18339142862977198,0.5085532305374769,-0.564340773251689,-0.46965831372610567,-0.07193254867301047,-91.43924713134766,0.025781244039535522,-0.43192505836486816,-0.007087787678210115,-0.07017543859649122,-0.2865497076023392,0.5584795321637428,0.06822612085769975,0.25536062378167634,-0.29532163742690054,0.6,0.6,0.6,0.6,0.6,0.6,0.6
0,92,-0.9164260625839233,-0.8724300861358643,2.370890533463136,177.5756208598915,-0.26612592371299737,0.7652641940858298,-0.12025396324107795,0.7062310722048626,0.34454554483051947,-0.8894414668702879,-92.33348965644836,0.012344121932983398,1.225346326828003,0.007186250238866402,-0.5536062378167641,0.11890838206627685,0.33333333333333326,-0.3070175438596491,-0.2543859649122807,-0.042884990253411304,0.6,0.6,0.6,0.6,0.6,0.6,0.6
0,93,-0.9170709848403931,-0.8737640976905823,2.3939675190146277,179.96958837890614,0.6261519997339766,-0.8163832423310131,0.6164212897323369,-0.07158507941581904,-0.023210155722906523,-0.7794244812332363,-91.64260625839233,-0.05673915147781372,0.7067680358886719,-0.13485410511449203,-0.1734892787524367,0.4522417153996101,-0.09746588693957114,0.37816764132553615,0.1764132553606237,-0.5497076023391814,0.6,0.6,0.6,0.6,0.6,0.6,0.6
0,94,-0.8984242677688599,-0.8962964415550232,2.1545624609825245,182.12415083988867,-0.194066451946316,0.043648965473811696,-0.13304873113175164,-0.3225113423182213,0.6150280206188501,0.6285253312257251,-91.7070984840393,0.0015877187252044678,-0.13340115547180176,-0.1153363225772973,0.38596491228070184,-0.4892787524366472,0.37816764132553615,-0.041910331384015564,-0.00974658869395717,-0.4892787524366472,0.6,0.6,0.6,0.6,0.6,0.6,0.6
0,95,-0.9110800623893738,-0.8733336329460144,2.450840937636594,184.57499177752527,-0.797985236358123,-0.4862055918057322,-0.4588141029599404,0.3490687926949054,0.2443050578348671,-0.7153602925916449,-89.84242677688599,-0.00022426247596740723,-2.253234386444092,0.25411439733084856,-0.11403508771929827,0.031189083820662766,-0.06627680311890838,-0.19590643274853803,0.3586744639376218,0.36159844054580903,0.6,0.6,0.6,0.6,0.6,0.6,0.6
0,96,-0.9079680442810059,-0.8796718120574951,2.3725652013570824,186.94755697888235,0.277951944496301,0.25146873468213715,-0.25008096756094234,0.9057066789087547,-0.46082620769599036,0.3340277385391539,-91.10800623893738,0.039886683225631714,2.296280860900879,-0.02562004669405206,-0.48538011695906436,-0.30116959064327486,-0.26608187134502925,0.21734892787524362,0.15594541910331383,-0.42690058479532167,0.6,0.6,0.6,0.6,0.6,0.6,0.6
0,97,-0.9088543653488159,-0.8797956109046936,2.3615860727991986,189.30914305168153,0.36867800236472315,0.8134406203224029,-0.6735250877322718,-0.006877645083791295,-0.113205418320522,0.19926959033517933,-90.79680442810059,-0.04016011953353882,-0.6338179111480713,0.08702851711103944,0.165692007797271,0.1549707602339181,-0.17251461988304095,0.5331384015594542,-0.28752436647173485,0.19395711500974655,0.6,0.6,0.6,0.6,0.6,0.6,0.6
0,98,-0.9030399322509766,-0.865733802318573,2.316840430035885,191.6259834817174,0.9983875757445368,0.908412876220138,-0.7667792316694413,-0.3825348710902865,-0.6005603202076184,0.5937170392968738,-90.88543653488159,0.01449882984161377,-0.012379884719848633,0.10279818467991757,0.20760233918128645,0.4941520467836258,-0.4005847953216374,0.007797270955165692,-0.07017543859649122,0.11695906432748537,0.6,0.6,0.6,0.6,0.6,0.6,0.6
0,99,-0.9093311429023743,-0.8622680902481079,2.4319276186601266,194.05791110037754,0.25421922073598524,0.5009473782867335,-0.17609178259939062,0.5874053503161782,-0.6554998644443102,0.47415154855776764,-90.30399322509766,-0.03133043646812439,1.4061808586120605,0.11630971954649283,0.6101364522417154,0.5614035087719298,-0.42105263157894735,-0.19590643274853803,-0.33528265107212474,0.36549707602339176,0.6,0.6,0.6,0.6,0.6,0.6,0.6
0,100,-0.9068565368652344,-0.8522229790687561,2.333070482300759,196.3909815826783,0.3102923834305744,-0.8134860440643916,-0.8085887395075821,0.8016096775697903,0.22556400771568108,-0.8614905867871214,-90.93311429023743,0.006561726331710815,0.3465712070465088,0.03503800151121068,0.1442495126705654,0.29532163742690054,-0.12378167641325533,0.3362573099415205,-0.40740740740740744,0.2865497076023391,0.6,0.6,0.6,0.6,0.6,0.6,0.6
0,101,-0.912765383720398,-0.847064733505249,2.356785161959303,198.7477667446376,-0.6246813136190472,-0.22952190349505575,0.769661234625155,-0.9292018689348871,0.15192336178623567,-0.7367910744584678,-90.68565368652344,0.028233230113983154,1.0045111179351807,-0.12053055507744292,0.18908382066276808,-0.4941520467836257,-0.4727095516569201,0.4834307992202729,0.13450292397660824,-0.52046783625731,0.6,0.6,0.6,0.6,0.6,0.6,0.6
0,102,-0.8932008147239685,-0.8687946200370789,2.2027845464937186,200.95055129113132,0.12524314085774235,-0.3055020252814682,0.36548245439059035,-0.0202295946461426,-0.6685338490394475,0.9830825052447785,-91.2765383720398,-0.00023767352104187012,0.515824556350708,-0.12886525802465976,-0.384990253411306,-0.1364522417153996,0.4678362573099415,-0.550682261208577,0.10331384015594547,-0.4522417153996101,0.6,0.6,0.6,0.6,0.6,0.6,0.6
0,103,-0.882839560508728,-0.8849681615829468,2.247305001205074,203.19785629233638,0.8480099882978251,-0.7275329353283944,0.9571907969082114,0.9621937268357152,0.029274253812944906,-0.06994101486501214,-89.32008147239685,-0.03400743007659912,-2.1729886531829834,0.17853488945879026,0.06432748538011701,-0.19103313840155944,0.22612085769980506,-0.016569200779727122,-0.4142300194931774,0.5847953216374269,0.6,0.6,0.6,0.6,0.6,0.6,0.6
0,104,-0.8834674954414368,-0.8822290897369385,2.2931449560879487,205.49100124842434,0.42843326703891127,0.9121493933920739,-0.5214802307784445,-0.348297369957844,0.8440923488199377,-0.7595530303556246,-88.2839560508728,-0.009435415267944336,-1.617354154586792,0.08079399913225116,0.5019493177387915,-0.46101364522417154,0.5487329434697856,0.5311890838206628,-0.02826510721247566,-0.060428849902534165,0.6,0.6,0.6,0.6,0.6,0.6,0.6
0,105,-0.8877595067024231,-0.8900991082191467,2.179902171535974,207.67090341996033,0.8423062750211414,0.7944879178147772,-0.029479334230159582,0.6948850334484609,-0.03568554514451194,0.4069610476277734,-88.34674954414368,0.013399124145507812,0.2739071846008301,0.03814033009351524,0.2573099415204678,0.5526315789473684,-0.2992202729044834,-0.2007797270955166,0.52729044834308,-0.46101364522417154,0.6,0.6,0.6,0.6,0.6,0.6,0.6
0,106,-0.87867271900177,-0.8939833045005798,2.052487513300103,209.72339093326042,-0.1905097115815635,-0.21003298751058175,0.9951471857962253,0.015449847800509175,0.12579548153631648,0.71918256347197,-88.77595067024231,-0.006064772605895996,-0.7870018482208252,0.17329621680952068,0.4970760233918128,0.47270955165691997,-0.04678362573099415,0.3957115009746588,-0.03606237816764135,0.23391812865497075,0.6,0.6,0.6,0.6,0.6,0.6,0.6
0,107,-0.8799902200698853,-0.8961912989616394,2.0912642783695774,211.81465521163,0.6990368184748985,0.9680890906782542,0.5445262827666195,0.3790458891733659,0.2064299384515833,0.4148526461342754,-87.867271900177,-0.007437914609909058,-0.38841962814331055,0.2545942288387494,-0.12085769980506822,-0.13840155945419108,0.6023391812865497,-0.0009746588693957392,0.0536062378167641,0.41325536062378165,0.6,0.6,0.6,0.6,0.6,0.6,0.6
0,108,-0.9189931750297546,-0.8636616468429565,2.4961651965527083,214.3108204081827,0.9048601144215029,-0.38605727203957074,-0.48814943062831717,-0.353439700741385,-0.13198172130726094,-0.11079419090633147,-87.99902200698853,0.005210936069488525,-0.22079944610595703,0.22243919380093,0.4113060428849902,0.5808966861598441,0.31189083820662766,0.20662768031189094,0.09941520467836251,0.25048732943469787,0.6,0.6,0.6,0.6,0.6,0.6,0.6
0,109,-0.9044466614723206,-0.8177617788314819,2.174609533576525,216.48542994175924,0.22317629303746545,-0.9216727221996963,-0.3692435840468766,0.2284803136865714,-0.658283779379625,-0.8233335302050486,-91.89931750297546,0.03375411033630371,3.252965211868286,0.02378095065272387,0.5399610136452242,-0.20370370370370372,-0.24561403508771928,-0.14619883040935677,-0.03411306042884987,-0.042884990253411304,0.6,0.6,0.6,0.6,0.6,0.6,0.6
0,110,-0.8891533017158508,-0.8346155285835266,2.3220278720887357,218.80745781384798,-0.20364734363685955,-0.19861610143939146,-0.6443905294457228,-0.5495060243807401,-0.6249528856189672,0.7770223405328069,-90.44466614723206,0.021445751190185547,4.589986801147461,-0.2660557345536535,0.1335282651072125,-0.5594541910331384,-0.2270955165692008,0.14522417153996092,-0.38109161793372315,-0.49317738791423005,0.6,0.6,0.6,0.6,0.6,0.6,0.6
0,111,-0.8979814052581787,-0.8189342021942139,2.2880371740701837,221.09549498791816,-0.8491263042895345,-0.6768559777843672,0.8792152204970405,-0.5740893586773932,-0.700339135029217,0.09484443403767018,-88.91533017158508,-0.058673322200775146,-1.6853749752044678,0.038337339546675744,-0.11988304093567248,-0.115009746588694,-0.368421052631579,-0.31384015594541914,-0.37816764132553604,0.46588693957115,0.6,0.6,0.6,0.6,0.6,0.6,0.6
0,112,-0.8958083987236023,-0.8251990675926208,2.3656417797483487,223.46113676766652,-0.09920812101480703,-0.9272036142911166,-0.4287664310719004,-0.7392239180641056,-0.2024033466823829,0.21306045108818883,-89.79814052581787,-0.009179860353469849,1.5681326389312744,-0.11830634134993419,-0.5224171539961013,-0.4230019493177388,0.5224171539961013,-0.3635477582846004,-0.42397660818713445,0.06140350877192979,0.6,0.6,0.6,0.6,0.6,0.6,0.6
0,113,-0.8815204501152039,-0.8742448687553406,2.1017561159140974,225.56289288358062,-0.02683082828182215,0.9807366403245239,0.17180212903315661,-0.628503049042229,0.9819754832966412,0.6487674139541311,-89.58083987236023,0.0019758939743041992,-0.6264865398406982,-0.029290015358041266,-0.060428849902534165,-0.5594541910331384,-0.23196881091617938,-0.435672514619883,-0.11793372319688111,0.12670565302144254,0.6,0.6,0.6,0.6,0.6,0.6,0.6
0,114,-0.8907603621482849,-0.7690329551696777,2.048937364029101,227.61183024760973,-0.5444645856139498,-0.9646537405080053,-0.8111232890464934,-0.7783805429170629,-0.017919573910208708,-0.9907972746259892,-88.15204501152039,0.0008754432201385498,-4.904580116271973,0.21966568425369784,-0.03508771929824561,0.3801169590643274,0.06140350877192979,-0.42690058479532167,0.5428849902534114,0.36744639376218324,0.6,0.6,0.6,0.6,0.6,0.6,0.6
0,115,-0.903282880783081,-0.8114511966705322,2.1843412744438777,229.7961715220536,0.8641832068987687,-0.10444116869165354,0.8762518048686581,0.9513578507337617,-0.8768806030276055,-0.3120642922921779,-89.07603621482849,0.21716952323913574,10.521191358566284,-0.31972232713146065,-0.30896686159844056,-0.2563352826510721,-0.42592592592592593,-0.4171539961013645,0.034113060428849984,-0.5672514619883041,0.6,0.6,0.6,0.6,0.6,0.6,0.6
0,116,-0.9076249003410339,-0.83622145652771,2.1664846861192526,231.96265620817286,0.6050393099629499,-0.1595433398357935,-0.5383624626316259,-0.9931104746212265,0.3293254286074483,0.8701004765974525,-90.3282880783081,-0.1991182565689087,-4.241824150085449,-0.25010488292164346,0.5058479532163742,-0.11403508771929827,0.33528265107212474,0.28557504873294337,-0.5994152046783625,-0.2085769980506823,0.6,0.6,0.6,0.6,0.6,0.6,0.6
0,117,-0.9318460822105408,-0.7947037220001221,2.332675623555387,234.29533183172825,-0.05850802543899092,-0.39692057058640073,-0.5980893489243329,0.9503836614505459,-0.19307403612029295,-0.9731900356601328,-90.7624900341034,-0.0016845762729644775,-2.4770259857177734,0.2912571980263596,0.37914230019493167,-0.07602339181286555,-0.267056530214425,-0.4970760233918129,0.2270955165692008,0.5311890838206628,0.6,0.6,0.6,0.6,0.6,0.6,0.6
0,118,-0.9299548864364624,-0.7925057411193848,2.35611877753165,236.6514506092599,-0.25413254816587316,-0.1994596645092761,0.7599888280077627,-0.23367726240371867,-0.985862061239043,-0.4825324148756074,-93.18460822105408,0.12820586562156677,4.151773452758789,-0.25976083009162243,-0.03508771929824561,-0.24756335282651076,-0.37037037037037035,0.5409356725146199,-0.1257309941520468,-0.5799220272904484,0.6,0.6,0.6,0.6,0.6,0.6,0.6
0,119,-0.9348536729812622,-0.8033382892608643,2.5011549008114295,239.15260551007134,0.9520671700064984,-0.6720612325465405,-0.628326935496412,0.4870033407200627,-0.7555361813357928,-0.03070561785364867,-92.99548864364624,-0.08139759302139282,0.21979808807373047,-0.22550464287787944,-0.15302144249512672,-0.12768031189083817,0.4522417153996101,-0.14619883040935677,-0.5838206627680311,-0.2943469785575049,0.6,0.6,0.6,0.6,0.6,0.6,0.6
0,120,-0.9203758239746094,-0.8311777114868164,2.3537179827507577,241.5063234928221,-0.24986594019883368,0.6196521390329428,0.1719512380864634,-0.538828482257558,0.22647412650783716,0.8850639529555591,-93.48536729812622,-0.002446770668029785,-1.0832548141479492,-0.1085832938195703,0.5838206627680311,-0.4015594541910331,-0.3713450292397661,0.297270955165692,-0.46393762183235865,-0.03508771929824561,0.6,0.6,0.6,0.6,0.6,0.6,0.6
0,121,-0.9290195107460022,-0.8247483372688293,2.5414258793423645,244.04774937216447,0.37776288572481853,0.09618959750148237,0.9077456333164715,0.34213535341356405,-0.555234225341279,0.10860846606422325,-92.03758239746094,-0.024800747632980347,-2.783942222595215,0.1739149574665188,-0.15594541910331383,0.35964912280701755,0.07115009746588696,-0.3538011695906432,0.10818713450292394,0.5233918128654971,0.6,0.6,0.6,0.6,0.6,0.6,0.6
0,122,-0.9288383722305298,-0.819956362247467,2.4777256075568213,246.5254749797213,0.35915758249058816,0.9150313040806148,0.8887286029689978,0.13817728190880585,-0.5222818288125843,-0.33183486726017875,-92.90195107460022,0.010151416063308716,0.642937421798706,-0.03486833680019982,0.21832358674463936,0.04483430799220267,0.5214424951267056,0.1793372319688109,-0.35964912280701755,0.04873294346978563,0.6,0.6,0.6,0.6,0.6,0.6,0.6
0,123,-0.938694179058075,-0.8408523201942444,2.4390290486506965,248.964504028372,-0.878091592847493,-0.06030000437129157,-0.21385769888312844,0.07377416239627999,-0.09134309507446203,0.3808071490866267,-92.88383722305298,0.011362135410308838,0.47919750213623047,-0.09753803056234492,0.2134502923976609,0.5477582846003899,0.5204678362573099,0.06822612085769975,-0.32456140350877194,-0.19395711500974655,0.6,0.6,0.6,0.6,0.6,0.6,0.6
0,124,-0.9489365220069885,-0.8153454065322876,2.680729291060408,251.6452333194324,0.8509327203150723,0.21185460854982519,0.1626642039506474,-0.259969001675735,-0.969752441691961,0.33207913545105594,-93.8694179058075,0.009491294622421265,-2.0895957946777344,0.19299235724153524,-0.5350877192982456,-0.04775828460038989,-0.11403508771929827,0.060428849902534054,-0.042884990253411304,0.2348927875243665,0.6,0.6,0.6,0.6,0.6,0.6,0.6
0,125,-0.9505332112312317,-0.8060692548751831,2.522400228566035,254.16763354799843,0.9623654780982493,-0.44605727849040955,-0.32268168793406726,0.705398444410664,0.30333247084539994,-0.8377416698707223,-94.89365220069885,0.058350712060928345,2.5506913661956787,0.01177659610578906,0.5116959064327486,0.12475633528265107,0.10331384015594547,-0.12962962962962965,-0.5575048732943471,0.21052631578947367,0.6,0.6,0.6,0.6,0.6,0.6,0.6
0,126,-0.948920726776123,-0.8020970821380615,2.4810867723154866,256.64872032031394,0.9655076082971521,0.6917648441956974,-0.4744942648761976,0.6348118634616662,-0.03241857468650222,-0.9967851227430715,-95.05332112312317,-0.0502564013004303,0.9276151657104492,-0.17967496582844766,0.5750487329434697,-0.28167641325536064,-0.20175438596491224,0.40253411306042874,0.1608187134502923,-0.5165692007797271,0.6,0.6,0.6,0.6,0.6,0.6,0.6
0,127,-0.9334479570388794,-0.7621330618858337,2.267584336235276,258.91630465654924,-0.6984283935156408,-0.900722215025082,0.7706536133217328,-0.660235632766667,-0.644610706372392,-0.9363449256618048,-94.8920726776123,-0.0018812716007232666,0.3972172737121582,-0.21132464125892594,0.5769980506822612,0.4142300194931774,-0.3050682261208577,0.3762183235867447,-0.024366471734892814,-0.594541910331384,0.6,0.6,0.6,0.6,0.6,0.6,0.6
0,128,-0.9318304657936096,-0.8296260833740234,2.3593655376029945,261.2756701941522,0.38971708614222345,-0.3921764231204523,-0.16419271438781524,-0.05275076510054455,0.44581522485259595,0.8811873674588004,-93.34479570388794,0.051159411668777466,3.9964020252227783,-0.33405101509775126,-0.4230019493177388,-0.5350877192982456,0.48538011695906436,-0.3606237816764133,-0.347953216374269,-0.5662768031189084,0.6,0.6,0.6,0.6,0.6,0.6,0.6
0,129,-0.9322523474693298,-0.8367699384689331,2.3681396286922634,263.6438098228445,0.6186054759190978,0.8595694773558971,-0.5518554535591862,0.49102007863467345,0.22420607891424105,0.7242539840810629,-93.18304657936096,-0.04601180553436279,-6.74930214881897,0.2329814186824404,0.22807017543859653,-0.25048732943469787,-0.11793372319688111,-0.06627680311890838,0.23879142300194922,0.5194931773879143,0.6,0.6,0.6,0.6,0.6,0.6,0.6
0,130,-0.9473146200180054,-0.8357722163200378,2.5794083329914885,266.223218155836,0.6395878519544476,0.1874694316811245,0.402465800020533,0.4308042492351951,0.0027525236737380165,0.2673421363211139,-93.22523474693298,-0.03269165754318237,-0.7143855094909668,0.22662635098410486,0.36257309941520477,0.5107212475633529,-0.3664717348927875,0.25536062378167634,0.11598440545808963,0.4337231968810915,0.6,0.6,0.6,0.6,0.6,0.6,0.6
0,131,-0.9358822703361511,-0.8443763256072998,2.410760971755589,268.63397912759154,0.17446566387483053,-0.8524905899557083,0.5299514923730246,0.08140339569578825,0.383691481671663,0.4882475699130344,-94.73146200180054,-0.0013262033462524414,0.09977221488952637,0.10341617011649207,0.37524366471734893,0.09746588693957126,0.20467836257309946,0.24171539961013644,-0.025341130604288553,0.1549707602339181,0.6,0.6,0.6,0.6,0.6,0.6,0.6
0,132,-0.9553837776184082,-0.8110038042068481,2.614276560688471,271.24825568828004,-0.7390752715976507,0.6395521606617081,0.43222167569776926,0.07006628073951182,-0.5505436008761901,-0.5098806290028626,-93.58822703361511,0.015547871589660645,-0.8604109287261963,0.2049243425814688,0.11013645224171542,-0.5185185185185186,0.3187134502923976,0.04483430799220267,0.21247563352826515,0.27192982456140347,0.6,0.6,0.6,0.6,0.6,0.6,0.6
0,133,-0.9475327134132385,-0.8386728167533875,2.5885780694007035,273.8368337576807,-0.12249814065519726,0.3194640729537426,-0.4393629298317703,0.8752711210719695,0.4341551662177412,-0.03918656206674198,-95.53837776184082,0.04787370562553406,3.337252140045166,-0.1171045252970725,-0.4551656920077972,0.37914230019493167,0.2573099415204678,0.0399610136452242,-0.3255360623781677,-0.30604288499025345,0.6,0.6,0.6,0.6,0.6,0.6,0.6
0,134,-0.9509077072143555,-0.7898387312889099,2.4634013764951637,276.30023513417586,0.7389032992277407,0.45190027134095034,-0.22150573489370262,0.301661362114225,-0.5982755981826207,-0.9677589233017194,-94.75327134132385,-0.04172995686531067,-2.7669012546539307,0.0955459836694811,-0.08479532163742687,0.18323586744639386,-0.2865497076023392,0.503898635477583,0.23684210526315796,-0.03898635477582846,0.6,0.6,0.6,0.6,0.6,0.6,0.6
0,135,-0.9359967112541199,-0.7891255617141724,2.3800519430019045,278.68028707717775,0.13675698375027978,0.9805979510587761,0.838428811141845,0.4911755443258883,-0.580084666480273,-0.7739823046725605,-95.09077072143555,0.006977468729019165,4.883408546447754,-0.24092378977040865,0.45516569200779733,0.2836257309941521,-0.12962962962962965,0.2007797270955165,-0.35185185185185186,-0.5847953216374269,0.6,0.6,0.6,0.6,0.6,0.6,0.6
0,136,-0.9475420713424683,-0.7824601531028748,2.4187496274938622,281.0990367046716,-0.43983843084757246,-0.5983999819374424,0.3907100015929279,-0.00918279487903817,-0.6435689035849834,-0.9879181555540522,-93.59967112541199,-0.004359334707260132,0.07131695747375488,-0.23629598900159973,0.07407407407407418,0.5857699805068226,0.4844054580896686,0.2758284600389864,-0.36549707602339176,-0.4727095516569201,0.6,0.6,0.6,0.6,0.6,0.6,0.6
0,137,-0.9446609020233154,-0.7664514780044556,2.4237727558296043,283.5228094605012,0.5592164055927642,-0.5538239057576073,-0.9921579863550687,0.3931917227712167,-0.92325632398418,-0.5874815037359054,-94.75420713424683,0.0009015202522277832,0.6665408611297607,-0.26543020238917275,-0.2592592592592593,-0.3255360623781677,0.2914230019493178,0.04970760233918137,-0.37816764132553604,-0.5974658869395711,0.6,0.6,0.6,0.6,0.6,0.6,0.6
0,138,-0.9476084113121033,-0.7776829600334167,2.5678019971187185,286.0906114576199,0.664846286454198,0.6598261153034914,-0.10303656946449213,-0.8155740044041535,-0.4105514609514205,0.11460681778286186,-94.46609020233154,0.007646530866622925,1.600867509841919,-0.24329570951464205,0.34600389863547765,-0.33040935672514615,-0.5584795321637427,0.267056530214425,-0.53411306042885,-0.35672514619883045,0.6,0.6,0.6,0.6,0.6,0.6,0.6
0,139,-0.9532068967819214,-0.8086904883384705,2.6297667897833477,288.72037824740323,-0.8750765788674515,-0.36763597799668046,0.6405391026987655,0.5664532278448617,-0.5369551825522139,0.6655378993551604,-94.76084113121033,-0.007869303226470947,-1.1231482028961182,-0.1167732815997872,0.38888888888888884,0.39376218323586754,-0.0799220272904484,-0.5019493177387915,-0.2514619883040936,0.06237816764132553,0.6,0.6,0.6,0.6,0.6,0.6,0.6
0,140,-0.9553680419921875,-0.8170305490493774,2.621436937378113,291.34181518478135,-0.4487318797425619,0.01600566644039314,0.6334636486917353,-0.9942375544772706,0.4662425854257284,0.15538293184623453,-95.32068967819214,0.025500357151031494,-3.100752830505371,0.08841816953531523,-0.5389863547758285,-0.2407407407407407,0.3557504873294346,0.27192982456140347,-0.3606237816764133,0.38596491228070184,0.6,0.6,0.6,0.6,0.6,0.6,0.6
0,141,-0.9308942556381226,-0.8256780505180359,2.295835632792436,293.6376508175738,-0.356390907371092,0.5826871823860742,0.07034700021095741,-0.6994905796505886,0.4885197813727258,0.9626152077050036,-95.53680419921875,-0.0434190034866333,-0.8340060710906982,0.10984850222883943,-0.2777777777777778,0.007797270955165692,0.3830409356725146,-0.5886939571150098,0.28167641325536064,0.09064327485380108,0.6,0.6,0.6,0.6,0.6,0.6,0.6
0,142,-0.9618557095527649,-0.7603169083595276,2.608267445180529,296.2459182627543,-0.24330416585942594,0.14120127050140474,0.13883526645342603,-0.4344779040353739,-0.9570345630083452,-0.21317709080491154,-93.08942556381226,-0.0007994472980499268,-0.8647501468658447,0.29115230115240665,-0.2348927875243665,0.34405458089668617,0.04970760233918137,-0.42690058479532167,0.27972709551656916,0.5701754385964912,0.6,0.6,0.6,0.6,0.6,0.6,0.6
0,143,-0.94692462682724,-0.8266676068305969,2.4418091745547224,298.68772743730904,0.17413192200019267,-0.0004504482118048436,0.5096735307910978,0.8661355159208586,-0.2490995106246805,0.8134226973370311,-96.18557095527649,0.05939677357673645,6.53611421585083,-0.16277294827883396,-0.14619883040935677,0.09259259259259256,0.09844054580896677,-0.24366471734892792,-0.5399610136452242,-0.11695906432748537,0.6,0.6,0.6,0.6,0.6,0.6,0.6
0,144,-0.9462082386016846,-0.8274098634719849,2.3757161585005497,301.0634435958096,0.08416695520506234,0.38977246716438985,-0.06754053242321745,-0.25759818644236865,0.1789287472676775,0.5448158475982154,-94.692462682724,-0.025325268507003784,-6.635069847106934,0.23869324740449652,0.09259259259259256,-0.020467836257309968,0.269980506822612,0.46393762183235876,-0.1871345029239766,0.47173489278752445,0.6,0.6,0.6,0.6,0.6,0.6,0.6
0,145,-0.9924043416976929,-0.7939894199371338,2.924861212430041,303.9883048082396,0.7841429615570188,-0.3762122317091412,0.09125265886176548,-0.02335175975897763,-0.7138534665060614,-0.10667672266274209,-94.62082386016846,-0.011764466762542725,-0.07422566413879395,0.3005266692361892,0.05458089668615984,0.2407407407407407,-0.02729044834307992,-0.12378167641325533,0.11890838206627685,0.33820662768031196,0.6,0.6,0.6,0.6,0.6,0.6,0.6
0,146,-0.9852291345596313,-0.7506197690963745,2.7388366813364895,306.72714148957607,-0.5547388790156218,0.469744617798739,-0.4279415117132108,-0.8334738707641276,-0.46803060074766534,-0.3493200048671554,-99.24043416976929,0.03393813967704773,3.3420443534851074,-0.04228976816464688,0.4756335282651072,-0.22124756335282647,0.0750487329434697,0.004873294346978474,-0.4122807017543859,-0.04775828460038989,0.6,0.6,0.6,0.6,0.6,0.6,0.6
0,147,-0.971396267414093,-0.7667465209960938,2.7887664965393686,309.51590798611545,-0.7535222404636144,0.2254182511032381,-0.9886926598122683,-0.9741414171819227,0.6545590875517511,-0.21937074983181337,-98.52291345596313,-0.012051314115524292,4.336965084075928,-0.18089745095435983,-0.334307992202729,0.297270955165692,-0.22319688109161795,-0.46101364522417154,-0.25828460038986356,-0.19200779727095518,0.6,0.6,0.6,0.6,0.6,0.6,0.6
0,148,-0.9756868481636047,-0.7797530293464661,2.773723466203639,312.2896314523191,0.6403051046293686,-0.7785769991190012,-0.4352609175392539,0.17987426105463977,0.5372780766685223,0.3118495642444812,-97.1396267414093,-0.00885799527168274,-1.6126751899719238,-0.041920152086276134,-0.45126705653021437,0.13840155945419097,-0.5808966861598441,-0.5740740740740741,0.39668615984405453,-0.14230019493177393,0.6,0.6,0.6,0.6,0.6,0.6,0.6
0,149,-0.9867273569107056,-0.7806549668312073,2.8782777719153416,315.16790922423445,0.48813745831044897,-0.3411351981896993,-0.20141323277713385,0.9121869107934486,-0.2155656676732849,-0.06644379379489096,-97.56868481636047,-0.00567510724067688,-1.3006508350372314,0.08425457922211545,0.3771929824561404,-0.49317738791423005,-0.29824561403508776,0.0584795321637428,0.3070175438596492,0.17738791423001943,0.6,0.6,0.6,0.6,0.6,0.6,0.6
0,150,-0.9694631695747375,-0.7806786298751831,2.7376726320025164,317.90558185623695,-0.131190747936899,0.5530691044328593,0.6903859720736609,0.6806645284751247,-0.6348185883116866,-0.15354552903488905,-98.67273569107056,0.012779980897903442,-0.0901937484741211,-0.05128712028984318,0.29239766081871355,-0.22514619883040932,-0.16276803118908378,0.5175438596491229,-0.15692007797270957,-0.04580896686159841,0.6,0.6,0.6,0.6,0.6,0.6,0.6
0,151,-0.9423560500144958,-0.8037067651748657,2.2639709555336403,320.1695528117706,-0.40302352799149377,0.17221326883585308,-0.7870288141817354,-0.035088384782057114,0.6553826551426798,0.9487331583518788,-96.94631695747375,-0.03026127815246582,-0.002366304397583008,-0.08081335946769805,-0.08479532163742687,0.3479532163742689,0.4015594541910332,0.39376218323586754,-0.39766081871345027,-0.10331384015594547,0.6,0.6,0.6,0.6,0.6,0.6,0.6
0,152,-0.9624119400978088,-0.8029927015304565,2.5283650549724697,322.69791786674307,-0.3584942176895063,-0.6424280182638555,-0.712491380357652,0.8015830283348688,-0.35104139259098743,0.6055511393680975,-94.23560500144958,0.012397021055221558,-2.3028135299682617,0.38949737404694434,-0.23586744639376223,0.10818713450292394,-0.4678362573099415,-0.015594541910331383,0.40253411306042874,0.567251461988304,0.6,0.6,0.6,0.6,0.6,0.6,0.6
0,153,-0.9785122871398926,-0.7918210029602051,2.6964924495157754,325.39441031625887,-0.448834721886326,-0.4157864179702333,0.05284858172341744,-0.6932132429017608,-0.1423825030003658,0.6498088424629656,-96.24119400978088,-0.0023208558559417725,0.07140636444091797,0.24611389908554046,-0.21539961013645226,-0.37524366471734893,-0.4298245614035088,0.5029239766081872,-0.1949317738791423,0.37329434697855746,0.6,0.6,0.6,0.6,0.6,0.6,0.6
0,154,-0.9815185070037842,-0.779164731502533,2.7377176658388422,328.1321279820977,0.8314888291729836,-0.4703050998593019,0.6687638762139991,-0.3346160621561285,0.8717559039375813,-0.996089111327302,-97.85122871398926,0.011662393808364868,1.1171698570251465,0.17961808800500828,-0.2621832358674464,-0.2407407407407407,0.05750487329434706,-0.34307992202729043,-0.06920077972709548,0.39473684210526305,0.6,0.6,0.6,0.6,0.6,0.6,0.6
0,155,-0.9816702008247375,-0.7814533114433289,2.7578700465839487,330.88999802868165,0.3871513457399709,-0.37358102841782825,-0.9268896749854261,0.95168462296558,0.07863115076233052,-0.7829247381304254,-98.15185070037842,-0.01115351915359497,1.265627145767212,-0.1578266948129521,0.5009746588693957,-0.29824561403508776,0.37914230019493167,-0.22904483430799216,0.5097465886939572,-0.6062378167641326,0.6,0.6,0.6,0.6,0.6,0.6,0.6
0,156,-0.9391279816627502,-0.7689644694328308,2.380250262124978,333.27024829080665,0.8854233977968342,0.6758339898081576,0.7427797397608324,0.8285523935992853,-0.921799535768334,-0.6306131974278419,-98.16702008247375,-0.0011429190635681152,-0.22885799407958984,-0.1386588208393421,0.24269005847953218,-0.2270955165692008,-0.5536062378167641,0.5760233918128654,0.04385964912280693,-0.48050682261208577,0.6,0.6,0.6,0.6,0.6,0.6,0.6
0,157,-0.9417451024055481,-0.8240287899971008,2.40391755257979,335.67416584338645,0.5450564041614445,0.020330108937911318,0.8694055341253213,0.8502181215540332,-0.13654327432651336,0.5885607680069291,-93.91279816627502,-0.03722682595252991,1.2488842010498047,-0.25430160807182967,0.5233918128654971,0.4005847953216375,0.4337231968810915,0.4834307992202729,-0.5730994152046784,-0.39766081871345027,0.6,0.6,0.6,0.6,0.6,0.6,0.6
0,158,-0.9821729063987732,-0.7883995175361633,2.7946085319149505,338.4687743753014,-0.7898007152585427,0.16060811481481774,0.5168395657734144,-0.3344772960023972,-0.8848399154922106,0.5889680202721042,-94.17451024055481,0.047507137060165405,-5.506432056427002,0.2459589061334902,0.3362573099415205,0.0009746588693957392,0.5185185185185186,0.4941520467836258,-0.09746588693957114,0.3508771929824561,0.6,0.6,0.6,0.6,0.6,0.6,0.6
0,159,-0.9881715178489685,-0.7909514307975769,2.898141254070876,341.3669156293723,0.29386402532006817,0.2254686371134511,-0.8274328668332831,0.2534064823563307,0.9124255209463068,-0.5505539897651528,-98.21729063987732,0.022204220294952393,3.56292724609375,0.10518561075564005,-0.47758284600389866,0.10916179337231968,0.34892787524366464,-0.15984405458089668,-0.49902534113060426,0.368421052631579,0.6,0.6,0.6,0.6,0.6,0.6,0.6
0,160,-0.9858593344688416,-0.7927300930023193,2.9067386383997973,344.2736542677721,-0.775943134888796,-0.8762360295958131,0.35710080289727064,0.8519766981870383,-0.1637021132369989,-0.05823870461260716,-98.81715178489685,-0.014290213584899902,-0.2551913261413574,-0.040934584228962165,0.18031189083820665,0.13450292397660824,-0.4814814814814815,0.14327485380116967,0.5321637426900585,-0.3499025341130604,0.6,0.6,0.6,0.6,0.6,0.6,0.6
0,161,-0.9901885390281677,-0.791007936000824,2.904104261911387,347.1777585296835,-0.1638793078041736,0.9396362714589885,0.20576726928327593,-0.5043129814664231,0.8921795880144632,-0.6604275226968419,-98.58593344688416,-0.008303672075271606,-0.17786622047424316,0.017126137481459282,-0.4756335282651072,-0.5360623781676414,0.20662768031189094,0.5,-0.10818713450292394,-0.0399610136452242,0.6,0.6,0.6,0.6,0.6,0.6,0.6
0,162,-1.0024861097335815,-0.773190975189209,2.854185333522004,350.0319438632055,0.5329133401066513,-0.7332911421774837,0.10375748209210833,0.1676634048780652,-0.5088996553240721,-0.5834878879757548,-99.01885390281677,0.0027954578399658203,0.17221570014953613,-0.04831286484413226,-0.11695906432748537,0.5497076023391814,0.11598440545808963,-0.3157894736842105,0.5380116959064327,-0.4035087719298246,0.6,0.6,0.6,0.6,0.6,0.6,0.6
