Episode,Timestep,X_Position,Y_Position,Rewards,Cumulative_Rewards,Motor1_Action,Motor2_Action,Motor3_Action,Motor4_Action,Motor5_Action,Motor6_Action,X_State,Y_State,Z_State,Y_Heading,Motor1_Pos,Motor2_Pos,Motor3_Pos,Motor4_Pos,Motor5_Pos,Motor6_Pos,Plate1,Plate2,Plate3,Plate4,Plate5,Plate6,Plate7
0,0,-0.06702566891908646,-0.02635505422949791,0.8935810331763337,0.8935810331763337,-0.11492557363035227,-0.20436492166119757,-0.6424076370402425,-0.5881040440832417,-0.3255668402084697,0.7607394396767178,-4.677171632647514,0.0,0.0,0.0,0.0019493177387914784,-0.0029239766081871066,-0.014619883040935644,-0.003898635477582846,0.006822612085769952,0.006822612085769952,1.8,0.6,2.7,1.8,0.6,2.7,1.8
0,1,-0.12619467079639435,0.10483589768409729,0.5519582124797986,1.4455392456561325,0.9477594615087044,0.7937015510001311,-0.4870965032530885,-0.18349622644059327,0.40492982540305,0.634428512349728,-6.702566891908646,6.944244354963303,-2.635505422949791,-0.12262880409084446,-0.07407407407407407,-0.1228070175438597,-0.38888888888888884,-0.3635477582846004,-0.19980506822612087,0.45516569200779733,1.8,0.6,2.7,1.8,0.6,2.7,1.8
0,2,-0.08679988235235214,0.09216216206550598,0.7156908707356784,2.1612301163918106,0.6887584250668548,0.5733379066709723,-0.35987448143749967,-0.8449640660257842,-0.4463807945983638,0.4252361845752677,-12.619467079639435,0.0689089298248291,13.11909519135952,0.4131913627267655,0.5750487329434697,0.48050682261208566,-0.3079922027290448,-0.11598440545808963,0.23879142300194922,0.3830409356725146,1.8,0.6,2.7,1.8,0.6,2.7,1.8
0,3,-0.07443828135728836,-0.019004419445991516,0.8004026449731645,2.9616327613649753,-0.5222546179251051,-0.15460172435098118,0.046566673264073044,-0.05433756341079432,0.8199716736811564,0.6593933014795315,-8.679988235235214,-0.0002898275852203369,-1.2673735618591309,0.2830328578569126,0.41617933723196887,0.3450292397660819,-0.2300194931773879,-0.5194931773879142,-0.2680311890838206,0.2641325536062378,1.8,0.6,2.7,1.8,0.6,2.7,1.8
0,4,-0.06206722557544708,0.014614271000027657,1.0182859900812384,3.9799187514462138,0.0522403795157087,0.3366393206061742,-0.36998759001564974,0.6023444047530002,0.9139849363979704,0.2601564329132875,-7.443828135728836,-0.06461739540100098,-11.11665815114975,-0.20920161000708787,-0.32261208576998046,-0.09844054580896688,0.025341130604288553,-0.03801169590643272,0.49122807017543857,0.3898635477582846,1.8,0.6,2.7,1.8,0.6,2.7,1.8
0,5,-0.08656537532806396,0.039359353482723236,0.8654375703561665,4.84535632180238,0.6954031161917016,-0.5981115753224315,0.99887316725472,-0.02762419830614049,0.7173886107402923,-0.47388867599304674,-6.206722557544708,0.06947293877601624,3.3618690446019173,-0.002376739941386082,0.025341130604288553,0.19103313840155955,-0.2300194931773879,0.3635477582846003,0.5477582846003899,0.16276803118908378,1.8,0.6,2.7,1.8,0.6,2.7,1.8
0,6,-0.08846393972635269,0.08053833246231079,0.7091505305599066,5.5545068523622865,0.6739034213437636,0.6560928266042771,0.03595428006726187,0.002351919755624987,0.43903914781179143,0.8112733619387922,-8.656537532806396,0.0027008354663848877,2.474508248269558,0.13349100778710896,0.4181286549707601,-0.37524366471734893,0.5925925925925926,-0.021442495126705707,0.4385964912280702,-0.2855750487329435,1.8,0.6,2.7,1.8,0.6,2.7,1.8
0,7,-0.1949934959411621,-0.1306462287902832,0.39156417088080503,5.946071023243092,-0.8335715334105804,-0.8916403479095858,-0.24736807973304842,-0.1670390538762363,-0.33903029551878916,-0.04126227511237501,-8.84639397263527,-0.003423541784286499,4.1178978979587555,0.28812131310237166,0.4044834307992202,0.38693957115009736,0.014619883040935644,-0.0029239766081871066,0.26315789473684204,0.48538011695906436,1.8,0.6,2.7,1.8,0.6,2.7,1.8
0,8,-0.06775954365730286,-0.036215513944625854,0.9570057731021491,6.903076796345241,-0.30664842413488613,0.10552749928643701,0.056004062103141905,0.9375914070450522,0.783176499231917,-0.3562507777315995,-19.49934959411621,-0.01888945698738098,-21.1184561252594,-0.5187741385505594,-0.5175438596491229,-0.5516569200779727,-0.14522417153996103,-0.10623781676413258,-0.20662768031189083,-0.02631578947368418,1.8,0.6,2.7,1.8,0.6,2.7,1.8
0,9,-0.24144481122493744,-0.2025521844625473,0.4698855357140864,7.372962332059327,-0.00927719722664988,-0.959240141701607,-0.8095652445759391,-0.6393598998273007,-0.9704711600558074,0.8568580520009716,-6.775954365730286,0.016683340072631836,9.443071484565735,-0.05854735504143886,-0.18615984405458086,0.06140350877192979,0.030214424951267027,0.567251461988304,0.4678362573099415,-0.21345029239766078,1.8,0.6,2.7,1.8,0.6,2.7,1.8
0,10,-0.07753868401050568,-0.055051982402801514,0.912234083769455,8.285196415828782,0.24419221901788024,0.5644490925280157,-0.2846837652295493,0.7217284608624319,0.11943663980174213,-0.5919444854793219,-24.144481122493744,-0.016789883375167847,-16.633667051792145,-0.40602323556214776,-0.015594541910331383,-0.5964912280701755,-0.49122807017543857,-0.39473684210526316,-0.5828460038986355,0.5175438596491229,1.8,0.6,2.7,1.8,0.6,2.7,1.8
0,11,-0.1437862515449524,-0.12640637159347534,0.5414488887936766,8.826645304622458,-0.9742677169569265,-0.6391765106070912,0.8690482498556791,0.49624177382055934,-0.32372575374942136,0.5791358607780452,-7.753868401050568,0.0007651746273040771,14.750020205974579,0.09462541964949764,0.14327485380116967,0.3401559454191032,-0.18031189083820665,0.43762183235867447,0.06335282651072127,-0.3586744639376218,1.8,0.6,2.7,1.8,0.6,2.7,1.8
0,12,-0.1062282845377922,-0.10862218588590622,0.9292429250621634,9.755888229684622,0.4999060018653694,-0.8268641286000862,0.4870783538610859,-0.0646438820548434,-0.441828914986232,-0.38548336599692923,-14.37862515449524,-0.00454634428024292,-7.135438919067383,-0.40923403579351075,-0.6033138401559455,-0.39473684210526316,0.5263157894736843,0.29824561403508776,-0.20175438596491224,0.34405458089668617,1.8,0.6,2.7,1.8,0.6,2.7,1.8
0,13,-0.2478007674217224,-0.21101485192775726,0.3264477077396623,10.082335937424284,-0.6040553862715823,-0.8903214751859807,-0.5860327925229851,-0.8612120841659321,0.7394696435906196,-0.20108451283971762,-10.62282845377922,0.025844573974609375,1.7784185707569122,-0.052716337202681984,0.29824561403508776,-0.5077972709551657,0.29239766081871355,-0.04385964912280704,-0.2641325536062378,-0.23196881091617938,1.8,0.6,2.7,1.8,0.6,2.7,1.8
0,14,-0.09912010282278061,-0.1092851534485817,0.9698986097291875,11.052234547153471,-0.06126062598093496,0.8657337901932609,-0.8852348057178421,0.6520652061900913,0.46078579078975435,-0.23948330496200199,-24.78007674217224,-0.037085264921188354,-10.239266604185104,-0.54490362814234,-0.37524366471734893,-0.5467836257309941,-0.35477582846003897,-0.530214424951267,0.4415204678362572,-0.1393762183235867,1.8,0.6,2.7,1.8,0.6,2.7,1.8
0,15,-0.10491453856229782,-0.13083431124687195,0.7780335024613237,11.830268049614794,-0.3141318044399668,-0.28999168114897,0.7216773479829006,-0.7507459202912454,0.8993679055933554,0.9573239223806849,-9.912010282278061,0.05194917321205139,10.172969847917557,-0.018147014797513034,-0.04678362573099415,0.5097465886939572,-0.5545808966861598,0.39376218323586754,0.29044834307992207,-0.1413255360623782,1.8,0.6,2.7,1.8,0.6,2.7,1.8
0,16,-0.1029169112443924,-0.019316958263516426,0.7939247200271004,12.624192769641894,0.2566885417940097,0.792460324542865,0.19000725301618115,0.18243216447172417,0.703422749572032,0.04900483420963231,-10.491453856229782,-0.05178600549697876,-2.1549157798290253,-0.20504658139373694,-0.19883040935672514,-0.19103313840155944,0.4230019493177388,-0.4619883040935673,0.5350877192982457,0.5730994152046784,1.8,0.6,2.7,1.8,0.6,2.7,1.8
0,17,-0.16696316003799438,-0.1963694989681244,0.4946309532945466,13.11882372293644,-0.8032460073550554,-0.1811853749127681,-0.6027899601620268,0.43363943538222505,-0.35372753040942384,0.7202531752280621,-10.29169112443924,0.03552287817001343,11.151735298335552,0.19086316945986,0.1520467836257311,0.4756335282651072,0.10428849902534121,0.1072124756335282,0.4220272904483431,0.026315789473684292,1.8,0.6,2.7,1.8,0.6,2.7,1.8
0,18,-0.0894886702299118,-0.10200531780719757,0.9683234447029265,14.087147167639367,0.35323468049691176,-0.34330880407019215,0.30890230258907025,0.6452687171479772,-0.8200703218878311,0.5391596843928501,-16.69631600379944,-0.03400072455406189,-17.705254070460796,-0.43747139777821054,-0.4970760233918129,-0.11793372319688111,-0.37329434697855746,0.26023391812865504,-0.21345029239766078,0.42690058479532156,1.8,0.6,2.7,1.8,0.6,2.7,1.8
0,19,-0.1511436104774475,0.030615003779530525,0.635029102930094,14.722176270569461,0.32457351667498235,0.8294780357417324,0.7700388488163499,-0.002790909931708274,-0.24802100989340392,-0.41477301881514506,-8.94886702299118,0.010911375284194946,9.436418116092682,0.028055826076212043,0.2134502923976609,-0.21247563352826515,0.17738791423001943,0.38888888888888884,-0.4941520467836257,0.3362573099415205,1.8,0.6,2.7,1.8,0.6,2.7,1.8
0,20,-0.11486411094665527,0.0010841304901987314,0.8212819272603993,15.54345819782986,0.020124236004045226,0.3608362327017096,0.6538293044275225,0.6730643022088731,0.35652166301843957,-0.814407327792841,-15.114361047744751,0.03364980220794678,13.26203215867281,0.3096971198529647,0.1978557504873295,0.4970760233918128,0.4541910331384016,-0.005847953216374324,-0.15692007797270957,-0.24951267056530213,1.8,0.6,2.7,1.8,0.6,2.7,1.8
0,21,-0.09183499217033386,-0.039514366537332535,0.8364126534870976,16.37987085131696,0.342878292991478,0.5834759823785092,-0.31761545268616365,0.866268364746956,0.3077959174898397,0.4753173278117937,-11.486411094665527,-0.005404651165008545,-2.9530873289331794,0.15335532360908183,0.00974658869395717,0.22612085769980506,0.4044834307992202,0.4064327485380117,0.20467836257309946,-0.49317738791423005,1.8,0.6,2.7,1.8,0.6,2.7,1.8
0,22,-0.12793220579624176,-0.15969857573509216,0.8955967021958398,17.275467553512797,0.5093907415544552,-0.22201447690836162,-0.8498064043383706,0.7516339254687676,0.6822135889464733,0.14030339632606914,-9.183499217033386,-0.023596733808517456,-4.059849702753127,0.15792719701193883,0.20370370370370372,0.3557504873294346,-0.1900584795321637,0.5214424951267056,0.18226120857699812,0.2826510721247564,1.8,0.6,2.7,1.8,0.6,2.7,1.8
0,23,-0.09697800874710083,-0.07644947618246078,0.8350786216497457,18.110546175162543,0.6252596096650131,-0.054367708145828475,0.24987045853681256,-0.8425438933042255,-0.10626198663909348,-0.4541671151050919,-12.793220579624176,-0.0744946300983429,-12.018420919775963,-0.06810978987384651,0.30019493177387924,-0.14230019493177393,-0.5155945419103314,0.4541910331384016,0.4035087719298245,0.08869395711500982,1.8,0.6,2.7,1.8,0.6,2.7,1.8
0,24,-0.12458129972219467,-0.038224317133426666,0.7203834932814819,18.830929668444025,0.6169574466062493,0.29675217532271203,0.859730695313695,0.40375985125071767,0.5436998733104625,0.8247445775297062,-9.697800874710083,0.06398037075996399,8.324909955263138,0.1548117946683473,0.3762183235867447,-0.03801169590643272,0.1471734892787524,-0.5185185185185186,-0.06140350877192979,-0.27387914230019494,1.8,0.6,2.7,1.8,0.6,2.7,1.8
0,25,-0.12138720601797104,-0.17034272849559784,0.7301795105515863,19.56110917899561,-0.4971209471198721,-0.10679834316345893,-0.3337527344080966,-0.5240847132587938,-0.542250217684279,-0.06434173766108442,-12.458129972219467,0.022585690021514893,3.822515904903412,0.2461088518171127,0.3723196881091617,0.16959064327485374,0.5116959064327486,0.24366471734892792,0.32261208576998057,0.4941520467836258,1.8,0.6,2.7,1.8,0.6,2.7,1.8
0,26,-0.11926895380020142,-0.05583396553993225,0.9245884262640638,20.485697605259674,-0.31004762059328117,0.40265571740069617,0.8432388256465659,0.5476066619269149,-0.471075844897505,-0.24722927160057973,-12.138720601797104,-0.00742003321647644,-13.211841136217117,-0.2389792026526913,-0.3079922027290448,-0.06530214424951264,-0.20272904483430798,-0.32456140350877194,-0.3255360623781677,-0.03801169590643272,1.8,0.6,2.7,1.8,0.6,2.7,1.8
0,27,-0.17402774095535278,-0.010245222598314285,0.507172233038192,20.992869838297864,0.9463895136112646,0.7407494094659173,0.7704030067532761,-0.4854466880889674,0.15530534721071598,0.8474220284896481,-11.926895380020142,0.018252432346343994,11.450876295566559,0.04634444338329268,-0.19395711500974655,0.24171539961013644,0.5058479532163742,0.33040935672514626,-0.2894736842105263,-0.1442495126705653,1.8,0.6,2.7,1.8,0.6,2.7,1.8
0,28,-0.13761873543262482,-0.02468513697385788,0.8804953128810697,21.873365151178934,-0.32534922272746836,0.5393782252758204,0.8044730000280458,0.7217198770306323,-0.8723933603764991,-0.10554099109941362,-17.40277409553528,0.02343207597732544,4.558874294161797,0.41937276910307286,0.5730994152046784,0.4405458089668617,0.462962962962963,-0.3001949317738791,0.08284600389863539,0.5087719298245614,1.8,0.6,2.7,1.8,0.6,2.7,1.8
0,29,-0.22010797262191772,0.0347173810005188,0.4050128356436658,22.2783779868226,0.8040622871134895,0.9980647348764602,0.9056207491277519,0.42959584361045255,0.2154772172699715,-0.6073620079229665,-13.761873543262482,-0.012158602476119995,-1.4439914375543594,0.07522336986604992,-0.20272904483430798,0.33040935672514626,0.4766081871345029,0.435672514619883,-0.5253411306042886,-0.06335282651072127,1.8,0.6,2.7,1.8,0.6,2.7,1.8
0,30,-0.10187622159719467,-0.058607347309589386,0.9396206834161496,23.21799867023875,-0.003071878675606765,0.4522572342543114,0.08886381699256529,-0.1319518420590824,-0.354917445349094,-0.5990743241778689,-22.010797262191772,-0.023405253887176514,5.940251797437668,0.48646269438109724,0.48732943469785583,0.5984405458089668,0.537037037037037,0.2573099415204678,0.11793372319688111,-0.3693957115009746,1.8,0.6,2.7,1.8,0.6,2.7,1.8
0,31,-0.13006582856178284,-0.1290353238582611,0.8867875649030803,24.10478623514183,0.9515100471701003,-0.6965929765362513,-0.316572069552129,0.31364305315182395,0.4109912275489671,-0.4700134483316558,-10.187622159719467,0.01872628927230835,-9.332472831010818,0.04605860031947928,-0.012670565302144277,0.26900584795321647,0.04873294346978563,-0.08479532163742687,-0.21539961013645226,-0.37524366471734893,1.8,0.6,2.7,1.8,0.6,2.7,1.8
0,32,-0.09595470130443573,-0.11866079270839691,0.9277442492296555,25.032530484371485,-0.11942214434613785,0.010961988608637396,0.10799834199083858,0.941599429578148,0.5777354449957952,0.016489821932636817,-13.006582856178284,-0.037298351526260376,-7.042797654867172,0.07515116145378897,0.5760233918128654,-0.4249512670565302,-0.1871345029239766,0.1871345029239766,0.24269005847953218,-0.3021442495126706,1.8,0.6,2.7,1.8,0.6,2.7,1.8
0,33,-0.14821991324424744,-0.02622986026108265,0.6646120765942938,25.69714256096578,0.5578558996291838,0.9154524618948072,-0.5047736734155699,0.7517769650366997,-0.363760243482542,-0.7055217588567573,-9.595470130443573,0.02694651484489441,1.0374531149864197,-0.06302919422023746,-0.07602339181286555,0.0009746588693957392,0.0536062378167641,0.571150097465887,0.3499025341130604,0.0,1.8,0.6,2.7,1.8,0.6,2.7,1.8
0,34,-0.1199473962187767,-0.15092939138412476,0.9079548604617212,26.6050974214275,0.29561101664293243,-0.32311000795362377,-0.48955599186629617,-0.09459525989633422,-0.2301526289200848,-0.08947392899724016,-14.821991324424744,-0.015084445476531982,9.243093244731426,0.28247468734586634,0.3372319688109162,0.5506822612085771,-0.31189083820662766,0.4541910331384016,-0.22319688109161795,-0.4298245614035088,1.8,0.6,2.7,1.8,0.6,2.7,1.8
0,35,-0.10992047935724258,-0.140583798289299,0.899820119507793,27.504917540935296,-0.05935344762896033,0.30897273641835277,-0.33690580165584305,0.05375807868302296,0.7447599188865974,0.478018182226148,-11.99473962187767,-0.006627291440963745,-12.46995311230421,-0.062409263734389875,0.1764132553606237,-0.19883040935672514,-0.2962962962962963,-0.06237816764132553,-0.14814814814814814,-0.06725146198830412,1.8,0.6,2.7,1.8,0.6,2.7,1.8
0,36,-0.16101214289665222,-0.001329092076048255,0.6557311067794157,28.160648647714712,0.3120418433519261,0.7806936942654776,0.5791599337316964,-0.5564163418180685,0.6024085701813515,0.013142450957442708,-10.992047935724258,0.003793090581893921,1.0345593094825745,-0.07899898655472744,-0.040935672514619936,0.17738791423001943,-0.216374269005848,0.02826510721247555,0.4444444444444444,0.2787524366471734,1.8,0.6,2.7,1.8,0.6,2.7,1.8
0,37,-0.2362571358680725,-0.23221641778945923,0.3758947654106332,28.536543413125344,-0.7005746138881612,-0.8080136898789938,-0.3345871318426663,-0.9125008586521703,0.991063949488971,0.38995537485138243,-16.101214289665222,0.02327859401702881,13.925470621325076,0.2810908414400893,0.18615984405458086,0.47173489278752445,0.3450292397660819,-0.34405458089668617,0.3635477582846003,0.006822612085769952,1.8,0.6,2.7,1.8,0.6,2.7,1.8
0,38,-0.13328325748443604,-0.1182488352060318,0.8446081989435265,29.38115161206887,-0.693351328199886,0.7194119714605989,-0.20456397368506263,0.7865020648968453,-0.2424487936778701,-0.46013453621962763,-23.62571358680725,-0.058162957429885864,-23.088732571341097,-0.5037606752275579,-0.43762183235867447,-0.4951267056530214,-0.2007797270955166,-0.5614035087719298,0.5906432748538011,0.22417153996101358,1.8,0.6,2.7,1.8,0.6,2.7,1.8
0,39,-0.14018331468105316,-0.09609682112932205,0.8223210214868397,30.20347263355571,0.27009104876218015,0.8489848189628437,-0.7733981849470035,0.1491398167422182,0.5612452273520951,-0.24969677841370563,-13.328325748443604,0.05249977111816406,11.396758258342743,-0.11467369759116414,-0.4278752436647173,0.43469785575048725,-0.1364522417153996,0.4766081871345029,-0.1442495126705653,-0.27680311890838205,1.8,0.6,2.7,1.8,0.6,2.7,1.8
0,40,-0.12291542440652847,-0.10792656242847443,0.9421528282626167,31.145625461818327,-0.03054695134873242,0.63021073020081,-0.10998565963894058,0.2556347852662606,-0.092458347578938,0.1644150085911269,-14.018331468105316,-0.020970404148101807,2.2152014076709747,0.13129897380578148,0.1608187134502923,0.5136452241715399,-0.46686159844054576,0.08674463937621835,0.331384015594542,-0.1686159844054581,1.8,0.6,2.7,1.8,0.6,2.7,1.8
0,41,-0.1295938789844513,-0.11198172718286514,0.9195244814252632,32.06514994324359,-0.4162111264992898,0.822403554633431,-0.3180669233707949,0.6040136481116305,-0.5207211179510853,0.9606814053845198,-12.291542440652847,0.024331361055374146,-1.1829741299152374,0.02572882927949599,-0.023391812865497075,0.37914230019493167,-0.07699805068226118,0.1520467836257311,-0.050682261208576995,0.08869395711500982,1.8,0.6,2.7,1.8,0.6,2.7,1.8
0,42,-0.1399439573287964,-0.09782685339450836,0.8812472076150865,32.94639715085868,-0.003799607595102117,0.9606971328640834,-0.7574872912822417,-0.3509362562120377,-0.4268362267783026,-0.15498848927843434,-12.95938789844513,0.009464472532272339,-0.40551647543907166,-0.04280486226773598,-0.253411306042885,0.48732943469785583,-0.19103313840155944,0.364522417153996,-0.3128654970760234,0.5730994152046784,1.8,0.6,2.7,1.8,0.6,2.7,1.8
0,43,-0.2176440805196762,-0.25458070635795593,0.6552125929182359,33.60160974377691,0.24364303394429676,-0.6642843561363998,-0.8256616659100402,0.8717572920673755,-0.9429034422444997,0.8671393819909765,-13.994395732879639,-0.016219913959503174,1.415487378835678,0.07256837787536483,-0.010721247563352798,0.5750487329434697,-0.4551656920077972,-0.21832358674463936,-0.2651072124756335,-0.0935672514619883,1.8,0.6,2.7,1.8,0.6,2.7,1.8
0,44,-0.16643333435058594,-0.10759318619966507,0.6498118798692223,34.25142162364613,0.938470661121592,0.2247072568891837,0.7997903946192866,0.9370860616401966,-0.1247022281146799,0.7066229998872438,-21.76440805196762,-0.026660412549972534,-15.675385296344757,-0.23808741008857545,0.13840155945419097,-0.40253411306042886,-0.48830409356725146,0.5263157894736843,-0.5682261208576997,0.5165692007797271,1.8,0.6,2.7,1.8,0.6,2.7,1.8
0,45,-0.20969140529632568,-0.2651413083076477,0.7293573230238131,34.98077894666994,0.5814419893430578,-0.9906155328220851,0.25042648052725514,-0.2818959824845555,0.6998020842824544,0.13640289164877561,-16.643333435058594,0.028289109468460083,14.698752015829086,0.2827092399380856,0.5682261208576997,0.13255360623781676,0.4766081871345029,0.5692007797270955,-0.0828460038986355,0.43469785575048725,1.8,0.6,2.7,1.8,0.6,2.7,1.8
0,46,-0.17473286390304565,-0.09174367785453796,0.7339120773486968,35.71469102401864,0.2946963245780829,0.6168441871896024,0.8850946762262317,-0.8413901922195333,0.6422069863567361,-0.03678521645375965,-20.96914052963257,-0.08066818118095398,-15.754812210798264,-0.16986999522200896,0.3499025341130604,-0.6091617933723197,0.14814814814814814,-0.1764132553606238,0.4249512670565303,0.08479532163742687,1.8,0.6,2.7,1.8,0.6,2.7,1.8
0,47,-0.18859514594078064,-0.09431246668100357,0.6044260476829293,36.31911707170157,0.7913582549176279,0.7685255018522164,-0.5159997111176877,-0.5966011181152477,-0.4170346492171566,-0.48155440475128275,-17.473286390304565,0.08408203721046448,17.339763045310974,0.19208092902039262,0.1764132553606237,0.3664717348927875,0.5243664717348928,-0.5175438596491229,0.38888888888888884,-0.014619883040935644,1.8,0.6,2.7,1.8,0.6,2.7,1.8
0,48,-0.14937107264995575,-0.1634146124124527,0.7982184168069973,37.117335488508566,-0.6674646804314002,0.3665436975417826,0.16647682841214095,-0.4321439702310297,-0.3847678793361937,-0.31354558806817945,-18.859514594078064,-0.0035993754863739014,-0.25687888264656067,0.3108132823041883,0.47953216374269014,0.46588693957115,-0.3099415204678363,-0.368421052631579,-0.2543859649122807,-0.2884990253411306,1.8,0.6,2.7,1.8,0.6,2.7,1.8
0,49,-0.14464524388313293,-0.14939816296100616,0.9485435152810429,38.06587900378961,-0.17023712068736274,0.6931967777229258,-0.40045042582243306,0.2972421810151771,-0.219177228077591,0.144429723505632,-14.937107264995575,0.008115917444229126,-6.910214573144913,-0.1479378917145038,-0.4113060428849903,0.22514619883040932,0.09649122807017552,-0.2680311890838206,-0.24561403508771928,-0.20955165692007793,1.8,0.6,2.7,1.8,0.6,2.7,1.8
0,50,-0.1445167511701584,-0.13273978233337402,0.8280377295033985,38.89391673329301,0.3454280347095193,0.6268918785429147,0.17504097189175893,0.5961153402816737,0.32901348232959937,-0.36354178560837047,-14.464524388313293,0.010825693607330322,1.4016449451446533,0.0014411197056124554,-0.11208576998050679,0.4181286549707601,-0.2378167641325536,0.17738791423001943,-0.14619883040935677,0.07602339181286544,1.8,0.6,2.7,1.8,0.6,2.7,1.8
0,51,-0.205186665058136,-0.2681104838848114,0.7455120407055639,39.639428773998574,0.5282754161480012,-0.8961508147242103,-0.05728378340706963,-0.41138478487846064,0.81636489154262,-0.778411961110326,-14.451675117015839,-0.04162713885307312,1.6658380627632141,0.12205131172911005,0.20175438596491224,0.371345029239766,0.09259259259259256,0.35964912280701755,0.19005847953216382,-0.21734892787524362,1.8,0.6,2.7,1.8,0.6,2.7,1.8
0,52,-0.18046073615550995,-0.21272225677967072,0.6797648136163419,40.31919358761492,-0.7203058218800233,-0.1616526157642615,0.8112817826257421,-0.6021263174999909,-0.8783985335122257,-0.29960800459832737,-20.5186665058136,-0.06696879863739014,-13.537070155143738,-0.15709899960803458,0.31384015594541914,-0.5428849902534113,-0.02729044834307992,-0.25536062378167645,0.48245614035087714,-0.469785575048733,1.8,0.6,2.7,1.8,0.6,2.7,1.8
0,53,-0.18407870829105377,-0.1198076605796814,0.6820035177511776,41.001197105366096,0.6591052098927612,0.36655465795534004,0.9531687876578403,-0.6172626690459768,0.9744316453241648,-0.8497332909648168,-18.046073615550995,0.0743478536605835,5.538822710514069,-0.24176218980095932,-0.44249512670565305,-0.10331384015594547,0.49025341130604283,-0.3713450292397661,-0.5292397660818713,-0.18615984405458086,1.8,0.6,2.7,1.8,0.6,2.7,1.8
0,54,-0.17863121628761292,-0.12244803458452225,0.725075878556499,41.7262729839226,0.4812060259721056,0.2880824941636393,0.8454970119093952,0.37158963149189406,0.5966731640261558,-0.24989108636946367,-18.407870829105377,0.012865662574768066,9.291459619998932,0.2367189978205507,0.39961013645224175,0.2192982456140351,0.5692007797270955,-0.38109161793372315,0.5828460038986354,-0.5214424951267056,1.8,0.6,2.7,1.8,0.6,2.7,1.8
0,55,-0.18395648896694183,-0.25142553448677063,0.9020923673561829,42.62836535127878,0.8191069681057379,-0.6954126347648062,0.23169786506567824,-0.6157219507883729,0.5424440233200505,-0.7986835622971822,-17.86312162876129,0.0029511749744415283,-0.2640374004840851,0.1978741213673446,0.297270955165692,0.17738791423001943,0.5194931773879143,0.22222222222222232,0.3693957115009747,-0.16764132553606237,1.8,0.6,2.7,1.8,0.6,2.7,1.8
0,56,-0.16503091156482697,-0.17234379053115845,0.840867755632349,43.46923310691113,0.3414632032363507,0.13406289262245674,0.5798844481621752,0.34309831949582814,-0.9320266631902043,-0.7014310892604971,-18.395648896694183,-0.04277527332305908,-12.897749990224838,-0.01672468024596962,0.49122807017543857,-0.42884990253411304,0.1413255360623782,-0.3801169590643275,0.32456140350877183,-0.4834307992202729,1.8,0.6,2.7,1.8,0.6,2.7,1.8
0,57,-0.1737690567970276,-0.16592833399772644,0.7061948789762351,44.17542798588737,0.9317958991030255,-0.17605225875067632,0.4739443464051565,-0.8850048383541207,0.3542538299277027,-0.9959287800043679,-16.503091156482697,0.02759099006652832,7.908174395561218,0.09276316418487561,0.20662768031189094,0.07699805068226118,0.34113060428849895,0.20467836257309946,-0.560428849902534,-0.4327485380116959,1.8,0.6,2.7,1.8,0.6,2.7,1.8
0,58,-0.2999447286128998,-0.34420183300971985,0.5802376964453381,44.755665682332705,0.5671025722341521,-0.8274668300275829,-0.9897117966088704,-0.38594117543387263,-0.5132848232822962,0.8270428130928773,-17.37690567970276,-0.002218782901763916,0.6415456533432007,0.22055275250705442,0.5653021442495128,-0.09941520467836262,0.297270955165692,-0.5448343079922027,0.20467836257309946,-0.6042884990253412,1.8,0.6,2.7,1.8,0.6,2.7,1.8
0,59,-0.3142933249473572,-0.3445528447628021,0.20177310356898975,44.957438785901694,-0.9991976031590759,-0.7260703535952875,0.053227089286204565,-0.4964407528354857,0.7342411542421163,-0.0601771514347218,-29.994472861289978,0.01849457621574402,-17.82734990119934,-0.2550607141531886,0.3401559454191032,-0.4970760233918129,-0.5925925925925926,-0.23976608187134507,-0.3099415204678363,0.49025341130604283,1.8,0.6,2.7,1.8,0.6,2.7,1.8
0,60,-0.21968749165534973,-0.28002944588661194,0.8628093234091387,45.82024810931083,0.8072458983526312,0.23810085792312052,-0.8698059952405763,-0.5892621504786015,0.9035653882647454,-0.09917842942980237,-31.429332494735718,-0.07672607898712158,-0.03510117530822754,-0.6240099188871455,-0.6140350877192983,-0.449317738791423,0.023391812865497075,-0.3070175438596491,0.43469785575048725,-0.03898635477582846,1.8,0.6,2.7,1.8,0.6,2.7,1.8
0,61,-0.1926599144935608,-0.24018533527851105,0.8086044085164075,46.62885251782724,0.890682680961457,-0.2162142862742813,0.6942305355854665,-0.9152928219926015,-0.08181847950453958,0.7369483768093528,-21.968749165534973,0.014684349298477173,6.4523398876190186,0.028977168582666007,0.49317738791423005,0.1413255360623782,-0.5321637426900585,-0.3635477582846004,0.537037037037037,-0.06432748538011701,1.8,0.6,2.7,1.8,0.6,2.7,1.8
0,62,-0.25890976190567017,-0.335787832736969,0.5400789255131935,47.16893144334043,-0.03662145232041358,-0.9559306140293857,0.5803018793386794,-0.8081714367470343,0.6082593589555996,-0.5344811122616986,-19.26599144935608,-0.0025741755962371826,3.984411060810089,0.10351684274528705,0.5331384015594542,-0.1364522417153996,0.41033138401559444,-0.5623781676413255,-0.04580896686159841,0.4463937621832359,1.8,0.6,2.7,1.8,0.6,2.7,1.8
0,63,-0.24782221019268036,-0.32964301109313965,0.6838257342194763,47.85275717755991,0.5413906653186698,-0.9589742854828369,-0.050659149854300756,0.6084755966596285,0.6492779301609652,-0.4163102993997865,-25.890976190567017,-0.008866935968399048,-9.560249745845795,-0.32339331891863143,-0.02729044834307992,-0.5847953216374269,0.3528265107212476,-0.4970760233918129,0.3664717348927875,-0.32261208576998046,1.8,0.6,2.7,1.8,0.6,2.7,1.8
0,64,-0.26977694034576416,-0.33530011773109436,0.37964724273164885,48.23240442029156,-0.9306075754164567,-0.035070892328472825,-0.46103053775323666,-0.9965339947744896,-0.6334598141676118,0.375317968460519,-24.782221019268036,0.0018365681171417236,0.6144821643829346,-0.18751028767297098,0.3235867446393763,-0.5877192982456141,-0.02631578947368418,0.3664717348927875,0.38109161793372315,-0.27192982456140347,1.8,0.6,2.7,1.8,0.6,2.7,1.8
0,65,-0.19408787786960602,-0.27148929238319397,0.7042894969328928,48.93669391722445,-0.5490033159366492,0.21090219786243236,0.4510845723762009,0.9268890882708272,0.23179150896733436,0.6980689100090278,-26.977694034576416,0.0015564262866973877,-0.5657106637954712,-0.47622256248458833,-0.5721247563352827,-0.02729044834307992,-0.2855750487329435,-0.6130604288499025,-0.3801169590643275,0.2192982456140351,1.8,0.6,2.7,1.8,0.6,2.7,1.8
0,66,-0.19661110639572144,-0.2736855745315552,0.779494283479919,49.71618820070437,0.026344445030877406,-0.36264568930174157,0.612399903664572,0.16437977248336288,-0.7466920782874653,0.7890209254788203,-19.408787786960602,-0.0363081693649292,6.381082534790039,-0.20674012046624501,-0.3391812865497076,0.12475633528265107,0.26608187134502925,0.5633528265107213,0.13157894736842102,0.4113060428849902,1.8,0.6,2.7,1.8,0.6,2.7,1.8
0,67,-0.19175870716571808,-0.1932646781206131,0.8884611015039633,50.60464930220834,-0.281684148003577,0.6409738051209639,0.8466774031829145,-0.2590324268598674,0.18963237370483466,-0.0949441366309618,-19.661110639572144,0.046234577894210815,-0.2196282148361206,-0.1296111607685595,0.011695906432748648,-0.22027290448343084,0.35964912280701755,0.09551656920077978,-0.4463937621832359,0.47465886939571145,1.8,0.6,2.7,1.8,0.6,2.7,1.8
0,68,-0.2010038048028946,-0.17104847729206085,0.7184255772313208,51.32307487943966,0.7248928111559474,0.2170045696302514,0.9368180235069674,-0.22922843239023227,0.11891449085947103,-0.947956437099629,-19.175870716571808,0.07249191403388977,8.042089641094208,-0.02435009849801225,-0.1764132553606238,0.38109161793372315,0.4980506822612085,-0.16276803118908378,0.10818713450292394,-0.05555555555555558,1.8,0.6,2.7,1.8,0.6,2.7,1.8
0,69,-0.2160644829273224,-0.1549609899520874,0.5980148671435614,51.92108974658322,0.8683267390189116,0.6279036915291796,0.06277879899307082,0.38548694726968136,0.5867043035014488,-0.3184978173981483,-20.10038048028946,-0.0295296311378479,2.2216200828552246,0.18734451175978678,0.43762183235867447,0.12768031189083828,0.5584795321637428,-0.1442495126705653,0.07797270955165692,-0.5750487329434698,1.8,0.6,2.7,1.8,0.6,2.7,1.8
0,70,-0.1920861005783081,-0.16898053884506226,0.8937408272860654,52.81483057386929,-0.10958939784400767,0.5948144820304988,0.8384709844066258,-0.8607641153583558,-0.430395097411187,-0.7073519162798949,-21.60644829273224,0.015489012002944946,1.608748733997345,0.29645776222625797,0.5263157894736843,0.38109161793372315,0.04678362573099415,0.23099415204678353,0.34892787524366464,-0.2085769980506823,1.8,0.6,2.7,1.8,0.6,2.7,1.8
0,71,-0.2413269728422165,-0.31054040789604187,0.6663482666496838,53.48117884051897,0.3597779734679942,-0.5943049975172503,-0.16331535153029653,-0.46584313942320055,0.2313085715533696,-0.21074048261038336,-19.20861005783081,0.019133836030960083,-1.4019548892974854,0.01881963608780729,-0.07115009746588696,0.35185185185185186,0.49122807017543857,-0.5292397660818713,-0.25828460038986356,-0.4249512670565302,1.8,0.6,2.7,1.8,0.6,2.7,1.8
0,72,-0.21769654750823975,-0.2790292501449585,0.8557769283169319,54.33695576883591,0.7161475220970135,-0.028152361693554617,-0.5719174953677972,-0.26647139324267655,0.06113298177717286,0.6857701766232309,-24.13269728422165,-0.12494176626205444,-14.155986905097961,-0.20964534107226787,0.21442495126705663,-0.37524366471734893,-0.10136452241715399,-0.2894736842105263,0.13742690058479523,-0.1393762183235867,1.8,0.6,2.7,1.8,0.6,2.7,1.8
0,73,-0.20759984850883484,-0.26185959577560425,0.8636159812680654,55.200571750103975,0.591719152112733,-0.5649351070766242,0.8008843120396891,-0.06302350017818203,0.03573649910855603,-0.5125858507592296,-21.769654750823975,0.04112273454666138,3.1511157751083374,-0.037484165135219724,0.4278752436647173,-0.032163742690058506,-0.3508771929824561,-0.16666666666666663,0.033138401559454245,0.4064327485380117,1.8,0.6,2.7,1.8,0.6,2.7,1.8
0,74,-0.19302871823310852,-0.22866038978099823,0.7927446466540706,55.99331639675805,0.7524374612791314,0.34894033648835054,-0.32242615111799333,0.4238959168142251,-0.12794815200525544,0.5446865861430923,-20.759984850883484,0.02232864499092102,1.7169654369354248,-0.037180034177165706,0.3547758284600391,-0.35185185185185186,0.4766081871345029,-0.042884990253411304,0.02729044834308003,-0.3109161793372319,1.8,0.6,2.7,1.8,0.6,2.7,1.8
0,75,-0.25556838512420654,-0.33840349316596985,0.43099298250895673,56.424309379267,-0.7777868558146535,-0.18885058355192874,-0.34555233348570713,0.9323149180279473,0.4248627709853374,0.12427010579933095,-19.302871823310852,-0.00700727105140686,3.319920599460602,0.1190944788851065,0.45029239766081863,0.20662768031189094,-0.19200779727095518,0.2543859649122806,-0.0828460038986355,0.32163742690058483,1.8,0.6,2.7,1.8,0.6,2.7,1.8
0,76,-0.22422775626182556,-0.3080420196056366,0.5277516030604291,56.95206098232743,-0.9495110043190345,0.3457527311033779,-0.030430875731915608,-0.6690376302191834,0.20868994085552472,-0.114925141900873,-25.556838512420654,-0.031898170709609985,-10.974310338497162,-0.43483765000202346,-0.4785575048732943,-0.11403508771929827,-0.20467836257309946,0.564327485380117,0.2456140350877194,0.07797270955165692,1.8,0.6,2.7,1.8,0.6,2.7,1.8
0,77,-0.20790676772594452,-0.21949727833271027,0.7367977581081346,57.68885874043556,0.8211408165795013,0.5437126452613648,-0.5914638776497414,0.47274749557547047,-0.8243457973596646,0.8315250042579587,-22.422775626182556,0.03122687339782715,3.036147356033325,-0.36068581738481725,-0.5838206627680311,0.20272904483430798,-0.032163742690058506,-0.4122807017543859,0.13255360623781676,-0.06237816764132553,1.8,0.6,2.7,1.8,0.6,2.7,1.8
0,78,-0.1838490068912506,-0.24604102969169617,0.9174718388451077,58.60633057928067,0.4191790524980257,-0.04465296102290206,0.6052094740515765,-0.648559348475162,-0.20184354705964203,0.05692318624627668,-20.790676772594452,0.006747245788574219,8.854474127292633,0.16376780674261668,0.5019493177387915,0.3235867446393763,-0.3586744639376218,0.2836257309941521,-0.4922027290448343,0.4980506822612085,1.8,0.6,2.7,1.8,0.6,2.7,1.8
0,79,-0.3661920428276062,-0.35530394315719604,0.13478919683561325,58.741119776116285,-0.9298977335670826,-0.7060884477788751,-0.4194073578922568,0.22785064660183574,-0.26545191261359347,-0.26020668782937895,-18.38490068912506,0.008045881986618042,-2.65437513589859,-0.0014283540182472305,0.25048732943469787,-0.042884990253411304,0.35380116959064334,-0.39961013645224175,-0.12670565302144254,0.03898635477582846,1.8,0.6,2.7,1.8,0.6,2.7,1.8
0,80,-0.2817210853099823,-0.34667032957077026,0.5867076738311869,59.32782744994747,0.3383650411193486,-0.7606466813711759,-0.3577036647524978,-0.6118088258111851,-0.3021116642751087,-0.08966899984893839,-36.61920428276062,-0.03374144434928894,-10.926291346549988,-0.657967346639476,-0.5740740740740741,-0.4415204678362573,-0.2543859649122807,0.13450292397660824,-0.16179337231968816,-0.15594541910331383,1.8,0.6,2.7,1.8,0.6,2.7,1.8
0,81,-0.2064131498336792,-0.31685739755630493,0.6460924824536415,59.97391993240111,-0.387706184750793,-0.07197377872617294,0.03361761093794047,0.5328789245055685,0.6711736393567624,-0.6690089038359133,-28.17210853099823,0.01018717885017395,0.8633613586425781,-0.2609245418386785,0.20175438596491224,-0.46881091617933723,-0.22807017543859653,-0.3771929824561403,-0.17738791423001954,-0.07309941520467833,1.8,0.6,2.7,1.8,0.6,2.7,1.8
0,82,-0.1998567283153534,-0.23795726895332336,0.8413545493722279,60.815274481773336,0.4578989985427,0.7016654957996196,-0.9505371750438714,0.20293004420081817,0.803601185530499,0.15756655857797486,-20.64131498336792,-0.012771785259246826,2.981293201446533,-0.2555953991077224,-0.2378167641325536,-0.04873294346978563,0.00974658869395717,0.3206627680311891,0.398635477582846,-0.4064327485380117,1.8,0.6,2.7,1.8,0.6,2.7,1.8
0,83,-0.18527758121490479,-0.2479964941740036,0.8337748631734576,61.649049344946796,0.7667527441513808,0.2780966816127497,-0.09072548762168897,0.7821616713747213,0.7595057980444484,-0.967952022619551,-19.98567283153534,0.032273679971694946,7.890012860298157,0.06528474340440009,0.2748538011695907,0.42397660818713456,-0.5721247563352827,0.11988304093567259,0.47758284600389866,0.08479532163742687,1.8,0.6,2.7,1.8,0.6,2.7,1.8
0,84,-0.181738018989563,-0.22355400025844574,0.8070172060675781,62.45606655101437,-0.5877182411083988,0.6560517302174602,0.544230770628102,-0.4463028369750084,-0.14971221958482506,0.9904876187015839,-18.52775812149048,-0.020261108875274658,-1.0039225220680237,0.08402113471814675,0.45906432748538006,0.16374269005847952,-0.07115009746588696,0.4736842105263157,0.46686159844054576,-0.5867446393762183,1.8,0.6,2.7,1.8,0.6,2.7,1.8
0,85,-0.19272878766059875,-0.28093764185905457,0.9004682454753966,63.35653479648977,0.7447945481267018,0.03159879060677362,-0.4770622188900031,-0.7663721665071876,0.45928306403573704,-0.11719821601058134,-18.1738018989563,0.03878399729728699,2.444249391555786,-0.11351825689340053,-0.3615984405458089,0.3908382066276803,0.32163742690058483,-0.27680311890838205,-0.09551656920077978,0.5916179337231968,1.8,0.6,2.7,1.8,0.6,2.7,1.8
0,86,-0.17246697843074799,-0.22349414229393005,0.8601738590831287,64.2167086555729,0.2912254368729583,0.40440170533084796,0.5286073287896416,-0.0313259485338917,-0.4314161672172274,0.8285525987112781,-19.272878766059875,-0.029049068689346313,-5.738364160060883,0.011600309643192317,0.45029239766081863,0.016569200779727122,-0.2914230019493177,-0.47173489278752434,0.269980506822612,-0.07017543859649122,1.8,0.6,2.7,1.8,0.6,2.7,1.8
0,87,-0.22073370218276978,-0.1306559294462204,0.5512748397605199,64.76798349533343,0.819630231632579,0.7420207311844524,0.6625258236807394,-0.7249156241958519,-0.45863667750164927,-0.5694821760997815,-17.2466978430748,0.05353167653083801,5.744349956512451,0.06759469616659336,0.17738791423001943,0.23586744639376223,0.3109161793372319,-0.023391812865497075,-0.2592592592592593,0.4951267056530215,1.8,0.6,2.7,1.8,0.6,2.7,1.8
0,88,-0.19711846113204956,-0.2603324055671692,0.7359175370589265,65.50390103239235,-0.47609080169414275,0.640096029379817,-0.7527672501467759,0.5390332724576032,-0.6668661943749079,-0.4715619123248149,-22.073370218276978,-0.00509992241859436,9.283821284770966,0.3397382414881665,0.49610136452241704,0.44249512670565294,0.38888888888888884,-0.4463937621832359,-0.2699805068226121,-0.3469785575048733,1.8,0.6,2.7,1.8,0.6,2.7,1.8
0,89,-0.21265770494937897,-0.3106324076652527,0.7945456487536111,66.29844668114596,0.6134534594197631,-0.6758589172543144,0.007959201673824357,0.3703483557664693,0.6959283319853395,0.4113604917924445,-19.711846113204956,-0.09277611970901489,-12.96764761209488,-0.17280173899008228,-0.2962962962962963,0.3927875243664718,-0.4541910331384016,0.32456140350877183,-0.40740740740740744,-0.3021442495126706,1.8,0.6,2.7,1.8,0.6,2.7,1.8
0,90,-0.19393756985664368,-0.29761040210723877,0.7460019365461374,67.0444486176921,-0.05616455712832891,-0.05144498601411662,0.47235065837679424,0.775137828238468,0.8501342802438339,0.6103381441585227,-21.265770494937897,0.04328414797782898,-5.03000020980835,-0.10246392386161254,0.3693957115009747,-0.40838206627680307,0.005847953216374213,0.22124756335282658,0.41325536062378165,0.23684210526315796,1.8,0.6,2.7,1.8,0.6,2.7,1.8
0,91,-0.1841728389263153,-0.24236655235290527,0.7852674260764004,67.8297160437685,-0.43250243739835037,0.3148472345867297,0.8588163507264746,0.050712773764377994,-0.7259205460070661,0.04365341588522198,-19.393756985664368,-0.012721866369247437,1.3022005558013916,-0.1651424949481523,-0.03801169590643272,-0.040935672514619936,0.27387914230019494,0.46881091617933723,0.5146198830409356,0.3586744639376218,1.8,0.6,2.7,1.8,0.6,2.7,1.8
0,92,-0.2951371669769287,-0.34260180592536926,0.2861218843538534,68.11583792812235,-0.8651192258550067,-0.9086312680117179,0.6469270602127293,0.5429757562263045,0.39158411391680525,0.7881505886650366,-18.41728389263153,-0.026722997426986694,5.52438497543335,-0.1333822928488568,-0.26120857699805067,0.1793372319688109,0.5077972709551657,0.026315789473684292,-0.435672514619883,0.029239766081871288,1.8,0.6,2.7,1.8,0.6,2.7,1.8
0,93,-0.2467764914035797,-0.3371030390262604,0.7185774292435851,68.83441535736593,0.4618667266115206,-0.44912860187232817,-0.8235977998385688,-0.482716044319325,-0.7531016692385248,0.043242671651957165,-29.51371669769287,0.004972517490386963,-10.023525357246399,-0.5524030615172852,-0.5321637426900585,-0.5545808966861598,0.39376218323586754,0.3265107212475633,0.23196881091617927,0.46881091617933723,1.8,0.6,2.7,1.8,0.6,2.7,1.8
0,94,-0.20053276419639587,-0.20361210405826569,0.6819625775300006,69.51637793489593,0.8244332167926167,0.38054457062776836,0.6178601393546272,-0.5114430065968085,-0.16290380050602526,0.5665109947596467,-24.67764914035797,0.007250159978866577,0.5498766899108887,-0.15350590198081526,0.2807017543859649,-0.27192982456140347,-0.49025341130604283,-0.2992202729044834,-0.4522417153996101,0.02826510721247555,1.8,0.6,2.7,1.8,0.6,2.7,1.8
0,95,-0.18950745463371277,-0.3016253709793091,0.7649510225761899,70.28132895747211,-0.06124720838534592,0.13942685172117364,0.06396784450736837,0.5922971703836533,0.48140636807158077,-0.25034168689175984,-20.053276419639587,0.044614821672439575,13.349093496799469,0.22416429437547108,0.49902534113060426,0.2270955165692008,0.36549707602339176,-0.31676413255360625,-0.10623781676413258,0.3421052631578947,1.8,0.6,2.7,1.8,0.6,2.7,1.8
0,96,-0.21450231969356537,-0.2190328687429428,0.7388699496558624,71.02019890712798,0.5899563561053522,0.8593857933419118,-0.996194604263116,0.8642194305836579,-0.7649455162569918,0.5616652660187831,-18.950745463371277,-0.06250143051147461,-9.80132669210434,-0.14958709707587162,-0.042884990253411304,0.07699805068226118,0.041910331384015675,0.35672514619883033,0.2807017543859649,-0.15107212475633525,1.8,0.6,2.7,1.8,0.6,2.7,1.8
0,97,-0.19459013640880585,-0.23327100276947021,0.7513499969786283,71.77154890410661,0.8231226228726958,0.5350567403317921,-0.12317812822306617,0.45420455020007866,0.5866806115842778,0.6383621986975747,-21.450231969356537,0.04439055919647217,8.259250223636627,0.15676464293622416,0.3576998050682261,0.5194931773879143,-0.5994152046783625,0.5233918128654971,-0.45906432748538006,0.33528265107212474,1.8,0.6,2.7,1.8,0.6,2.7,1.8
0,98,-0.33319735527038574,-0.36395299434661865,0.25833086374680364,72.02987976785342,-0.6753673181561031,-0.9161977694553693,0.1879979480834837,0.83240543436175,-0.44636300511466187,-0.9557368919342042,-19.459013640880585,0.00043064355850219727,-1.4238134026527405,0.1592961222638179,0.49317738791423005,0.32163742690058483,-0.0799220272904484,0.2729044834307992,0.3421052631578947,0.371345029239766,1.8,0.6,2.7,1.8,0.6,2.7,1.8
0,99,-0.19578641653060913,-0.22080568969249725,0.8409597034024968,72.8708394712559,0.4129794689644857,-0.1430434076256928,0.926488729802482,-0.277404134502246,0.17904950794707952,0.5471827310137045,-33.319735527038574,-0.023237615823745728,-13.068199157714844,-0.5551735295343555,-0.4200779727095516,-0.5594541910331384,0.11013645224171542,0.503898635477583,-0.2680311890838206,-0.5838206627680311,1.8,0.6,2.7,1.8,0.6,2.7,1.8
0,100,-0.19582922756671906,-0.22090715169906616,0.8409443938509807,73.71178386510688,0.43892126119588704,-0.05787495740456472,0.9813360040071111,-0.31192204400080126,-0.026317093266768232,-0.12114067923359007,-19.578641653060913,0.050334632396698,14.31473046541214,0.06877396845675826,0.2485380116959064,-0.09064327485380119,0.560428849902534,-0.1734892787524367,0.09649122807017552,0.32456140350877183,1.8,0.6,2.7,1.8,0.6,2.7,1.8
0,101,-0.21127977967262268,-0.2999696433544159,0.6657782995970433,74.37756216470392,-0.3220441221508912,-0.08455008961991006,0.49373316688408386,-0.31762593807019335,0.5470357749049406,0.8441984624095762,-19.582922756671906,-0.0010535120964050293,-0.01014620065689087,0.06875664971850975,0.2592592592592593,-0.0399610136452242,0.5877192982456141,-0.1949317738791423,-0.013645224171540016,-0.07115009746588696,1.8,0.6,2.7,1.8,0.6,2.7,1.8
0,102,-0.20807160437107086,-0.288257896900177,0.8043004697110591,75.18186263441498,0.328357218207771,-0.39313779236576973,0.4144085462547107,0.15476347441093985,-0.7053792722930741,-0.932019161757021,-21.127977967262268,-0.030834972858428955,-7.906249165534973,-0.23226045232206868,-0.19883040935672514,-0.05653021442495132,0.2992202729044835,-0.1978557504873294,0.32261208576998057,0.5058479532163742,1.8,0.6,2.7,1.8,0.6,2.7,1.8
0,103,-0.201526939868927,-0.26994001865386963,0.8560026705564252,76.0378653049714,0.8061466412139999,-0.2763429208489758,0.4594895605667566,-0.4520311866797373,-0.18026646252358303,0.4232510348361249,-20.807160437107086,-0.01248866319656372,1.1711746454238892,-0.09614136387117406,0.19103313840155955,-0.24269005847953218,0.24756335282651065,0.08869395711500982,-0.4220272904483431,-0.5692007797270955,1.8,0.6,2.7,1.8,0.6,2.7,1.8
0,104,-0.23203662037849426,-0.31428465247154236,0.5537592741275783,76.59162457909898,-0.6168570270761604,-0.2727855289108656,0.30058899967714225,0.44706722817646316,-0.8745575592270427,-0.7710992074112475,-20.1526939868927,0.018737465143203735,1.8317878246307373,0.04937142345370028,0.48538011695906436,-0.17836257309941517,0.2758284600389864,-0.27875243664717353,-0.12183235867446396,0.24951267056530213,1.8,0.6,2.7,1.8,0.6,2.7,1.8
0,105,-0.2137477993965149,-0.29496124386787415,0.8557368301244593,77.44736140922343,0.7003136472074032,-0.5276441227857165,0.3875109497455589,-0.125416052290513,-0.16976929021619314,-0.41201159778345686,-23.203662037849426,-0.04804357886314392,-4.434463381767273,-0.32896230327998455,-0.38109161793372315,-0.165692007797271,0.1793372319688109,0.26803118908382073,-0.5233918128654971,-0.46881091617933723,1.8,0.6,2.7,1.8,0.6,2.7,1.8
0,106,-0.21013708412647247,-0.2532588541507721,0.7810406645928365,78.22840207381627,0.9275521604800798,0.3416401840219323,-0.6004359381497306,0.8163819408288622,-0.3012889354107924,-0.42684789900412845,-21.37477993965149,0.042375922203063965,1.9323408603668213,-0.04045980045630368,0.4230019493177388,-0.3265107212475633,0.23196881091617927,-0.08089668615984402,-0.11208576998050679,-0.26315789473684215,1.8,0.6,2.7,1.8,0.6,2.7,1.8
0,107,-0.26163721084594727,-0.3287266790866852,0.45965160143385525,78.68805367525013,-0.6209486263536841,-0.6697853685147996,0.4960368672813025,-0.9373201558089255,-0.6020321501965629,-0.42442881801802756,-21.013708412647247,-0.005733966827392578,4.170238971710205,0.11785291796071533,0.5536062378167641,0.19980506822612076,-0.36257309941520466,0.4941520467836258,-0.17738791423001954,-0.2651072124756335,1.8,0.6,2.7,1.8,0.6,2.7,1.8
0,108,-0.24255993962287903,-0.32271113991737366,0.558956891250174,79.24701056650031,-0.5776749718202931,0.24957411589812062,-0.8314425179373055,-0.8394514692963577,-0.08465341666184156,0.8178575816232996,-26.163721084594727,-0.019221752882003784,-7.546782493591309,-0.40190286179207424,-0.38401559454191037,-0.4035087719298246,0.29824561403508776,-0.5760233918128654,-0.35672514619883045,-0.26023391812865493,1.8,0.6,2.7,1.8,0.6,2.7,1.8
0,109,-0.21007730066776276,-0.17022031545639038,0.7894785449163746,80.03648911141669,0.05955291563459442,0.7985471551635273,-0.03525650925518198,-0.752055608865537,-0.5400922172915239,-0.05628059543343955,-24.255993962287903,-0.01402050256729126,0.6015539169311523,-0.3161496739758249,-0.36257309941520466,0.15107212475633536,-0.49610136452241715,-0.5165692007797271,-0.06237816764132553,0.48830409356725135,1.8,0.6,2.7,1.8,0.6,2.7,1.8
0,110,-0.23239074647426605,-0.3203943073749542,0.678348737516078,80.71483784893276,0.09679637159589016,-0.1313415284581303,-0.5126723958108177,-0.9673362405148789,-0.27903462786947486,0.5673294272381117,-21.007730066776276,0.06818100810050964,15.249082446098328,0.10945979422167605,0.033138401559454245,0.4844054580896686,-0.022417153996101336,-0.4629629629629629,-0.3313840155945419,-0.040935672514619936,1.8,0.6,2.7,1.8,0.6,2.7,1.8
0,111,-0.23993225395679474,-0.2922801971435547,0.8729162957359636,81.58775414466872,0.9795455221765772,-0.3399089252713057,-0.7443894170132688,0.4972268571886247,-0.305839655755034,-0.2804227050427033,-23.239074647426605,-0.07588714361190796,-15.017399191856384,-0.2041149508275639,0.05458089668615984,-0.08479532163742687,-0.3070175438596491,-0.594541910331384,-0.17446393762183232,0.3421052631578947,1.8,0.6,2.7,1.8,0.6,2.7,1.8
0,112,-0.21203728020191193,-0.19463425874710083,0.6482184224084635,82.23597256707718,0.9059274607526047,0.3892528395536772,-0.12585636833127833,0.8556902290346955,-0.141115871600886,-0.3845520491514913,-23.993225395679474,0.03583058714866638,2.8114110231399536,0.00408237429675056,0.5916179337231968,-0.20467836257309946,-0.4444444444444444,0.2992202729044835,-0.18031189083820665,-0.1686159844054581,1.8,0.6,2.7,1.8,0.6,2.7,1.8
0,113,-0.30446329712867737,-0.3591749370098114,0.28830593938551335,82.5242785064627,-0.9532057259716282,-0.11090238011225084,-0.5374610364880532,0.8619411472143079,0.45501656866934925,0.6444525502847469,-21.203728020191193,0.010196119546890259,9.764593839645386,0.2492543291800129,0.5565302144249513,0.23586744639376223,-0.0799220272904484,0.5185185185185186,-0.09064327485380119,-0.22612085769980506,1.8,0.6,2.7,1.8,0.6,2.7,1.8
0,114,-0.22420397400856018,-0.2795370817184448,0.6520745586851512,83.17635306514785,-0.6851229832866708,0.7992461235625525,-0.7571541297926694,0.15169355453397126,-0.6793076349801006,0.6458569050119163,-30.446329712867737,-0.02396702766418457,-16.454067826271057,-0.5439775155996887,-0.5857699805068226,-0.0721247563352827,-0.3235867446393762,0.5214424951267056,0.269980506822612,0.38596491228070184,1.8,0.6,2.7,1.8,0.6,2.7,1.8
0,115,-0.2229280322790146,-0.30310696363449097,0.6854503457473666,83.86180341089522,-0.041350324925605975,-0.42186532504741825,0.8485367832381194,0.6135171483355006,0.8921872951821923,-0.7231383519992345,-22.420397400856018,0.03046095371246338,7.963785529136658,-0.23638035497981633,-0.42397660818713445,0.4834307992202729,-0.4658869395711501,0.08771929824561409,-0.4093567251461988,0.39766081871345027,1.8,0.6,2.7,1.8,0.6,2.7,1.8
0,116,-0.24884933233261108,-0.32168787717819214,0.7898423750847331,84.65164578597995,0.8373763701615085,-0.6698194900067747,-0.4001007346063148,0.4918605996381853,0.8591385899877364,-0.5244104139088999,-22.29280322790146,0.011101365089416504,-2.3569881916046143,-0.20394385949468855,-0.0292397660818714,-0.2621832358674464,0.5048732943469785,0.37037037037037046,0.5350877192982457,-0.4405458089668616,1.8,0.6,2.7,1.8,0.6,2.7,1.8
0,117,-0.22979621589183807,-0.3023666441440582,0.7983311270009714,85.44997691298093,0.6133312343383921,-0.611347019862994,0.7444385681541494,0.3055249746429338,0.8784667648456816,-0.6458193475208189,-24.88493323326111,-0.039318203926086426,-1.8580913543701172,-0.08076057765635387,0.5077972709551657,-0.40253411306042886,-0.2378167641325536,0.29532163742690054,0.5126705653021442,-0.3372319688109162,1.8,0.6,2.7,1.8,0.6,2.7,1.8
0,118,-0.26468104124069214,-0.3253156840801239,0.8074675727200202,86.25744448570094,0.9221573686381577,-0.3892315751216384,-0.9727077297761328,-0.11043572298351134,0.3943159155222422,-0.04611686685063798,-22.979621589183807,-0.008992105722427368,1.9321233034133911,-0.08602465268046286,0.368421052631579,-0.38401559454191037,0.4415204678362572,0.18421052631578938,0.537037037037037,-0.38693957115009747,1.8,0.6,2.7,1.8,0.6,2.7,1.8
0,119,-0.3051705062389374,-0.3576386868953705,0.31292840602152977,86.57037289172247,-0.8631222371858938,-0.43816014085589616,-0.2907286178150694,0.6667510463496678,-0.34702097319109404,-0.6294825130131008,-26.468104124069214,0.027147680521011353,-2.2949039936065674,-0.05195435432322344,0.5614035087719298,-0.2407407407407407,-0.5818713450292398,-0.0721247563352827,0.23391812865497075,-0.042884990253411304,1.8,0.6,2.7,1.8,0.6,2.7,1.8
0,120,-0.2914932370185852,-0.34891870617866516,0.3839320870113269,86.9543049787338,-0.8547124728745112,0.4195763885239503,-0.9518794765774026,0.6717849400199094,0.13803478594858354,-0.2108658230512348,-30.517050623893738,-0.005035102367401123,-3.232300281524658,-0.5188847122500497,-0.530214424951267,-0.27192982456140347,-0.18615984405458086,0.40253411306042874,-0.2085769980506823,-0.38109161793372315,1.8,0.6,2.7,1.8,0.6,2.7,1.8
0,121,-0.31711915135383606,-0.3687584698200226,0.33881494867375495,87.29311992740756,-0.7203448162334614,-0.11817206591244789,-0.9203264517773926,-0.6154294562102822,0.7248407144938311,0.8225451086391642,-29.14932370185852,-0.013019144535064697,0.8719980716705322,-0.45705138778063636,-0.53411306042885,0.24269005847953218,-0.5789473684210527,0.40545808966861596,0.0750487329434697,-0.1413255360623782,1.8,0.6,2.7,1.8,0.6,2.7,1.8
0,122,-0.2130652815103531,-0.24640944600105286,0.8053387802415026,88.09845870764906,-0.2275794332418981,0.5106598436288952,0.8227152804373532,-0.19504366373046067,0.9077413157107983,0.15134027748676115,-31.711915135383606,0.0013247132301330566,-1.9839763641357422,-0.48511413559103284,-0.4434697855750487,-0.06822612085769986,-0.560428849902534,-0.3801169590643275,0.42884990253411304,0.4922027290448343,1.8,0.6,2.7,1.8,0.6,2.7,1.8
0,123,-0.255276620388031,-0.3392406404018402,0.49638536722034116,88.5948440748694,-0.6008806018946278,-0.38938807524796815,0.5097837683391129,0.5974245756390786,0.5419060705682748,0.2835813430173122,-21.30652815103531,0.07032826542854309,12.234902381896973,-0.09136671095499117,-0.14912280701754388,0.29824561403508776,0.4766081871345029,-0.12378167641325533,0.5419103313840157,0.08771929824561409,1.8,0.6,2.7,1.8,0.6,2.7,1.8
0,124,-0.2502700686454773,-0.3184170722961426,0.5234757682108082,89.1183198430802,-0.8935259259142863,0.7164710218976362,-0.36615887750608866,-0.6014575968320415,0.962025500036757,-0.8819105453077385,-25.5276620388031,-0.059738755226135254,-9.283119440078735,-0.36965166470741406,-0.368421052631579,-0.24171539961013644,0.3128654970760234,0.35964912280701755,0.32163742690058483,0.16179337231968804,1.8,0.6,2.7,1.8,0.6,2.7,1.8
0,125,-0.30111292004585266,-0.3732837438583374,0.39608806334177327,89.51440790642198,-0.537112394290848,-0.6044766224129139,0.08665143681993426,0.9492851366015236,0.25896475409684383,0.08775075997305071,-25.02700686454773,-0.004282593727111816,2.082356810569763,-0.34611473838926277,-0.5477582846003899,0.42397660818713456,-0.22807017543859653,-0.3713450292397661,0.5828460038986354,-0.5350877192982456,1.8,0.6,2.7,1.8,0.6,2.7,1.8
0,126,-0.22875772416591644,-0.21072721481323242,0.8086147392082195,90.3230226456302,0.11431507236088678,0.3895571414747312,0.5844771623791558,0.97587434229199,-0.5178202640840879,-0.6796800314605989,-30.111292004585266,0.021183490753173828,-5.486667156219482,-0.43842925391547244,-0.33235867446393763,-0.3713450292397661,0.05165692007797262,0.5750487329434697,0.15009746588693962,0.040935672514619936,1.8,0.6,2.7,1.8,0.6,2.7,1.8
0,127,-0.3797321617603302,-0.40869569778442383,0.24894400290784036,90.57196664853804,-0.5087609816543037,-0.9858831047997971,0.6493051310138744,-0.5534873379787733,0.20793327058374755,0.5684404230316493,-22.875772416591644,0.008053332567214966,16.255652904510498,0.07650009383851632,0.06530214424951275,0.23684210526315796,0.3528265107212476,0.5877192982456141,-0.31384015594541914,-0.41520467836257313,1.8,0.6,2.7,1.8,0.6,2.7,1.8
0,128,-0.25771114230155945,-0.3262316584587097,0.7846669624693129,91.35663361100735,0.8994241432656902,-0.06579097943290835,0.2280482372579402,0.04227695238076423,0.586954830994521,-0.9521558545103064,-37.97321617603302,-0.015731900930404663,-19.79684829711914,-0.5355427439943894,-0.31384015594541914,-0.6091617933723197,0.3908382066276803,-0.3421052631578947,0.1150097465886939,0.33820662768031196,1.8,0.6,2.7,1.8,0.6,2.7,1.8
0,129,-0.2963254153728485,-0.39423590898513794,0.606619356584994,91.96325296759235,0.24662701101158957,-0.782990118275698,0.47345405839455035,-0.8975926204747704,-0.14285365522340432,-0.09959844594643719,-25.771114230155945,-0.0043839216232299805,8.246403932571411,0.07965015082538748,0.5477582846003899,-0.04483430799220278,0.12768031189083828,0.021442495126705596,0.3557504873294346,-0.5808966861598441,1.8,0.6,2.7,1.8,0.6,2.7,1.8
0,130,-0.2921215295791626,-0.37589260935783386,0.8194853253011641,92.78273829289351,0.9060320515980127,-0.2839214889991535,-0.5284277067564369,0.937555506286091,0.4118703209133501,-0.0706925552333475,-29.63254153728485,0.029931962490081787,-6.800425052642822,-0.23110630627094697,0.14619883040935666,-0.4756335282651072,0.28460038986354785,-0.5516569200779727,-0.08869395711500971,-0.07602339181286555,1.8,0.6,2.7,1.8,0.6,2.7,1.8
0,131,-0.31990715861320496,-0.3915363550186157,0.6680935800991976,93.45083187299271,0.7340063569631756,-0.8906336931639363,0.31031310613537255,-0.928061549009545,-0.6258079049121874,-0.5989434623107044,-29.21215295791626,-0.021106749773025513,1.8343299627304077,-0.021073446420482218,0.5526315789473684,-0.1734892787524367,-0.31189083820662766,0.5692007797270955,0.23684210526315796,-0.06140350877192979,1.8,0.6,2.7,1.8,0.6,2.7,1.8
0,132,-0.2543136477470398,-0.3241443634033203,0.8562867405023189,94.30711861349502,0.3370284118552096,0.4031052092606868,0.4562424158292713,0.7034023352734344,0.9878413118120957,-0.5079836512551756,-31.990715861320496,-0.005567073822021484,-1.564374566078186,-0.1540127844947681,0.4434697855750487,-0.5419103313840157,0.1793372319688109,-0.571150097465887,-0.37524366471734893,-0.35964912280701755,1.8,0.6,2.7,1.8,0.6,2.7,1.8
0,133,-0.2660679519176483,-0.2829540967941284,0.7046048574419704,95.01172347093699,0.6909734608873319,0.8721113243884335,-0.21202428218897218,0.8573699353611388,0.6994256855194665,-0.8689192383457192,-25.43136477470398,0.0024303793907165527,6.739199161529541,-0.010432049383949347,0.20175438596491224,0.23976608187134496,0.26315789473684204,0.4307992202729045,0.5886939571150098,-0.3255360623781677,1.8,0.6,2.7,1.8,0.6,2.7,1.8
0,134,-0.24690966308116913,-0.3062073886394501,0.8408738175596676,95.85259728849665,0.2098690816063551,0.4296789637535803,0.6802514006830251,0.8057837434402899,0.8081819012233853,-0.7976628297634407,-26.60679519176483,-0.015322864055633545,4.1190266609191895,0.1538480744830887,0.4171539961013646,0.5233918128654971,-0.1306042884990254,0.5185185185185186,0.4278752436647173,-0.5233918128654971,1.8,0.6,2.7,1.8,0.6,2.7,1.8
0,135,-0.45776572823524475,-0.43468084931373596,0.18521628962573483,96.03781357812238,-0.19684424449089222,-0.6805091288886642,-0.8078496604058243,-0.2452631215146619,0.8187323448079935,0.3534033921605506,-24.690966308116913,-0.002054870128631592,-2.3253291845321655,-0.031114289969464595,0.12378167641325533,0.24756335282651065,0.39766081871345027,0.48732943469785583,0.48050682261208566,-0.5048732943469786,1.8,0.6,2.7,1.8,0.6,2.7,1.8
0,136,-0.4409891963005066,-0.4371604323387146,0.10532343879446843,96.14313701691685,-0.7137657143938998,-0.5265633147071751,-0.1855628615742717,0.8313412463566971,0.7729128132094225,0.2888303796776446,-45.776572823524475,0.045689940452575684,-12.847346067428589,-0.5542443336252114,-0.11890838206627685,-0.42397660818713445,-0.48830409356725146,-0.15399610136452246,0.48732943469785583,0.20467836257309946,1.8,0.6,2.7,1.8,0.6,2.7,1.8
0,137,-0.3192475140094757,-0.37575477361679077,0.748613713903992,96.89175073082085,0.9002843201465476,-0.9627857719709805,0.9386664250263046,0.11682961911566503,0.21509760433760405,0.47514183582615055,-44.09891963005066,-0.001261383295059204,-0.24795830249786377,-0.6434502754891543,-0.43762183235867447,-0.33820662768031184,-0.13255360623781676,0.503898635477583,0.4785575048732944,0.18226120857699812,1.8,0.6,2.7,1.8,0.6,2.7,1.8
0,138,-0.29308533668518066,-0.37210485339164734,0.7814524247428747,97.67320315556373,0.3918496118961754,0.6683502046240055,-0.706200457860586,-0.2108181354123111,0.6779348420059723,-0.377562196888392,-31.92475140094757,-0.023914873600006104,6.140565872192383,-0.07392333403425858,0.5477582846003899,-0.5925925925925926,0.5575048732943471,0.067251461988304,0.13450292397660824,0.27972709551656916,1.8,0.6,2.7,1.8,0.6,2.7,1.8
0,139,-0.2805249094963074,-0.33777403831481934,0.7691685104282234,98.44237166599196,0.7555725994932114,0.35051351498667294,0.3168651664757294,-0.0643472857230365,0.17906324750198221,0.527576526748794,-29.308533668518066,0.007720291614532471,0.36499202251434326,-0.058455496134904986,0.232943469785575,0.4005847953216375,-0.4298245614035088,-0.13255360623781676,0.4035087719298245,-0.2270955165692008,1.8,0.6,2.7,1.8,0.6,2.7,1.8
0,140,-0.28790250420570374,-0.38450756669044495,0.6395005658550403,99.081872231847,-0.00629909463778211,-0.30304435260869433,0.332408691909331,-0.03979954440394318,-0.7107713854228848,0.8450838533308751,-28.052490949630737,-0.0279158353805542,3.4330815076828003,0.07928314822661567,0.45614035087719307,0.20955165692007793,0.1793372319688109,-0.04385964912280704,0.11306042884990264,0.31189083820662766,1.8,0.6,2.7,1.8,0.6,2.7,1.8
0,141,-0.3392554819583893,-0.4165821969509125,0.6519796459358927,99.7338518777829,0.6201744247353449,-0.4530034933989593,-0.6524941629504197,0.9390788985928027,0.8603992988299809,-0.09012422603469394,-28.790250420570374,0.01732856035232544,-4.673352837562561,-0.203916525285313,-0.007797270955165692,-0.1842105263157895,0.19883040935672525,-0.02729044834307992,-0.4278752436647173,0.5048732943469785,1.8,0.6,2.7,1.8,0.6,2.7,1.8
0,142,-0.3050241470336914,-0.288440465927124,0.5976102421535042,100.3314621199364,0.9842404763051724,0.8840274164954414,-0.3073397755950371,-0.316682880804976,-0.05434323205025371,0.5984330896698846,-33.92554819583893,-0.0033393502235412598,-3.207463026046753,-0.1576508404079293,0.3742690058479532,-0.2699805068226121,-0.38888888888888884,0.5682261208576997,0.5097465886939572,-0.059454191033138426,1.8,0.6,2.7,1.8,0.6,2.7,1.8
0,143,-0.29501256346702576,-0.3629913628101349,0.7842283228297249,101.11569044276612,0.9575107388941233,0.009582248536091909,-0.4104297909603807,-0.9266878356690356,0.2854658792534157,-0.4722462035519328,-30.50241470336914,-0.025938451290130615,12.814173102378845,0.23430017970026268,0.5984405458089668,0.53411306042885,-0.20272904483430798,-0.1978557504873294,-0.030214424951267027,0.3547758284600391,1.8,0.6,2.7,1.8,0.6,2.7,1.8
0,144,-0.2941431701183319,-0.33362460136413574,0.7528177499810138,101.86850819274714,0.8583367987428769,0.14442846006198207,0.7198590833994825,0.45656228376583186,0.9422400919770215,-0.09845773086047305,-29.501256346702576,0.04535019397735596,-7.455089688301086,0.054380507196939085,0.5779727095516569,0.006822612085769952,-0.24463937621832355,-0.5701754385964912,0.16179337231968804,-0.2855750487329435,1.8,0.6,2.7,1.8,0.6,2.7,1.8
0,145,-0.287433922290802,-0.3556148111820221,0.8281483414243211,102.69665653417147,0.5197029631972352,0.2157680724543014,-0.02321227023922634,-0.1169963558888838,0.8987887641276997,-0.5706652128458756,-29.41431701183319,-0.03283768892288208,2.9366761445999146,0.08637672687939231,0.5194931773879143,0.07797270955165692,0.42105263157894735,0.2758284600389864,0.5692007797270955,-0.0721247563352827,1.8,0.6,2.7,1.8,0.6,2.7,1.8
0,146,-0.3021255135536194,-0.3950181305408478,0.6475405626290209,103.34419709680049,-0.16984871775092403,0.5361053469980579,-0.6690778032636937,-0.3277489939846079,-0.7016623642621491,0.9217248012844954,-28.7433922290802,0.036592036485672,-2.1990209817886353,0.015587137227519242,0.3187134502923976,0.13255360623781676,-0.003898635477582846,-0.07602339181286555,0.5516569200779726,-0.3450292397660819,1.8,0.6,2.7,1.8,0.6,2.7,1.8
0,147,-0.37437838315963745,-0.4568536877632141,0.33392774296383815,103.67812483976432,-0.48401461523777534,-0.28549133670666627,-0.5132506616345205,0.422341170592029,-0.29012989070419826,0.7057551188753171,-30.21255135536194,-0.0011295080184936523,-3.9403319358825684,-0.1863006216668443,-0.10526315789473684,0.32261208576998057,-0.40253411306042886,-0.20467836257309946,-0.41812865497076024,0.5545808966861598,1.8,0.6,2.7,1.8,0.6,2.7,1.8
0,148,-0.30436083674430847,-0.4035865366458893,0.5693509898799192,104.24747582964424,-0.5884589863071004,0.5001918130868117,0.05559231290645106,0.68113872791178,0.52490220533261,-0.1833280130617223,-37.437838315963745,-0.01806318759918213,-6.183555722236633,-0.453812170728652,-0.3001949317738791,-0.1734892787524367,-0.3109161793372319,0.2534113060428851,-0.1900584795321637,0.4337231968810915,1.8,0.6,2.7,1.8,0.6,2.7,1.8
0,149,-0.3099018931388855,-0.37635156512260437,0.7866534474870277,105.03412927713127,0.8634207789400761,0.24086936310494766,-0.5553528044665748,0.576029268948681,-0.8029713116991988,0.37073844592804495,-30.436083674430847,0.01936405897140503,5.326715111732483,-0.26300064193031825,-0.3576998050682261,0.30116959064327475,0.022417153996101336,0.4122807017543859,0.31189083820662766,-0.10916179337231968,1.8,0.6,2.7,1.8,0.6,2.7,1.8
0,150,-0.3763139545917511,-0.43606045842170715,0.24781398618147188,105.28194326331274,-0.8703731506034893,-0.6253855963641384,0.67822540299373,-0.3694816699282064,-0.12382312512387994,0.24773918368860226,-30.99018931388855,-0.014953315258026123,2.723497152328491,0.04202368637142829,0.5224171539961013,0.14230019493177393,-0.334307992202729,0.3469785575048734,-0.47953216374269003,0.22319688109161784,1.8,0.6,2.7,1.8,0.6,2.7,1.8
