Episode,Ind_Q1_Loss,Ind_Q2_Loss,Ind_Policy_Loss,Pop_Q1_Loss,Pop_Q2_Loss,Pop_Policy_Loss
3,1.140898,1.1507471,-3.971115,0.0959649,0.09837851,-3.9878967
4,0.67701983,0.66848683,-9.763602,0.022394698,0.022082325,0.7509082
5,0.13244873,0.14425948,-18.689758,0.019481922,0.019676596,-0.9940868
6,0.06794036,0.08047096,-27.71076,0.01462416,0.01474568,-0.5123505
7,0.044687204,0.048079684,-35.714157,0.023212412,0.025060063,-3.0509725
8,0.11133106,0.09797278,-43.46112,0.013918949,0.017239712,-2.3610992
9,0.07281789,0.07638,-50.077354,0.010744836,0.010769118,-2.6209302
10,0.122602515,0.12854858,-56.047165,0.009277528,0.01128231,-3.4447846
11,0.101693854,0.103601456,-61.78499,0.032828014,0.027851885,-3.6855526
12,0.34264368,0.28643346,-66.554306,0.032648124,0.037320927,-4.0511465
13,0.13893265,0.13460545,-71.40225,0.017587502,0.016635908,-3.9649293
14,0.0798409,0.08104506,-75.44682,0.04172479,0.044210903,-4.8229156
15,0.06287098,0.059794135,-79.10181,0.02694412,0.0300766,-5.1998243
16,0.0959022,0.082396306,-82.318535,0.019358726,0.020002894,-6.1043787
17,0.14611115,0.15307678,-85.31827,0.032396086,0.036896177,-4.39437
18,0.11380045,0.097898364,-88.312805,0.02919143,0.023294909,-5.7328386
19,0.0625089,0.06727645,-90.7182,0.037232943,0.041852854,-6.0821333
20,0.11451542,0.12750089,-93.22151,0.021613343,0.026797142,-4.7794905
21,0.076683454,0.073429435,-95.20717,0.05273485,0.076697886,-6.341483
22,0.093097,0.10213354,-96.97711,0.03527005,0.034388386,-6.523469
23,0.13966523,0.13210052,-98.54184,0.027927626,0.02778408,-7.9513435
24,0.07454206,0.06072589,-100.21147,0.041465253,0.030554308,-8.368041
25,0.09659071,0.078262895,-101.59882,0.02683758,0.02903278,-7.689752
26,0.112579554,0.08173196,-103.02886,0.0918342,0.063227445,-8.282856
27,0.11070199,0.086668506,-104.019844,0.054676313,0.053357415,-8.297834
28,0.121941894,0.106414676,-104.96054,0.042118292,0.06493901,-9.537636
29,0.06914592,0.06956938,-105.90527,0.06709701,0.05083464,-10.608751
30,0.053914364,0.059198447,-107.00424,0.023396675,0.024047144,-9.418245
31,0.05687284,0.043958426,-107.68677,0.07636306,0.05588696,-11.23949
32,0.05675809,0.0636075,-108.44319,0.04912528,0.040633414,-11.796476
33,0.10034606,0.109118275,-109.04817,0.024759237,0.027150579,-12.124795
34,0.16592827,0.14407454,-109.93175,0.09004522,0.05233614,-11.362717
35,0.061004452,0.084687166,-110.28667,0.053779762,0.06653045,-12.810617
36,0.077725746,0.086122856,-111.08844,0.02738063,0.033910684,-13.124924
37,0.06013794,0.055313654,-111.432465,0.031940587,0.036114823,-13.346689
38,0.096618325,0.087423824,-112.042625,0.059345953,0.045023486,-13.335798
39,0.1286648,0.13632736,-112.46559,0.19688106,0.15290807,-16.647682
40,0.10061268,0.112589784,-112.990746,0.03341633,0.039920427,-14.085296
41,0.09899381,0.084923826,-113.19923,0.08561516,0.10662877,-15.639203
42,0.66573906,0.75251406,-114.563644,0.07407637,0.07850331,-15.676591
43,0.13458139,0.1302174,-113.97869,0.09484632,0.054503433,-15.212126
44,0.09965599,0.07876455,-114.06656,0.1284931,0.11700049,-16.117855
45,0.094406,0.11216803,-114.47916,0.11427449,0.10380349,-16.135893
46,0.13392676,0.11543245,-114.98224,0.17784636,0.12879221,-16.622944
47,0.0736642,0.09040299,-114.907,0.052876305,0.048022386,-16.640583
48,0.2426536,0.23448324,-115.74269,0.13419229,0.098998174,-17.035995
49,0.12529278,0.11368354,-115.98286,0.168394,0.10139871,-17.144474
50,0.1601699,0.15787274,-115.656555,0.16141847,0.1278286,-16.710411
