Episode,Ind_Q1_Loss,Ind_Q2_Loss,Ind_Policy_Loss,Pop_Q1_Loss,Pop_Q2_Loss,Pop_Policy_Loss
17,0.20356128,0.2078625,-4.676695,0,0,0
18,0.018778296,0.011515874,-6.632448,0,0,0
19,0.0089288885,0.0069085155,-10.619326,0,0,0
20,0.00935217,0.006929987,-13.68861,0,0,0
21,0.021331884,0.017562581,-16.836418,0,0,0
22,0.025563613,0.01017458,-21.289776,0,0,0
23,0.023277787,0.014272263,-23.332771,0,0,0
24,0.015286042,0.0113111185,-25.448477,0,0,0
25,0.17773354,0.17152277,-28.747875,0,0,0
26,0.019411214,0.13658744,-30.456274,0,0,0
27,0.029087286,0.028009096,-31.269997,0,0,0
28,0.24194428,0.20785919,-33.559826,0,0,0
29,0.047217526,0.12267868,-36.236122,0,0,0
30,0.019767493,0.025269894,-39.822315,0,0,0
31,0.16171204,0.17870155,-40.320084,0,0,0
32,0.022737462,0.020360503,-41.631805,0,0,0
