Episode,Timestep,X_Position,Y_Position,Rewards,Cumulative_Rewards,Motor1_Action,Motor2_Action,Motor3_Action,Motor4_Action,Motor5_Action,Motor6_Action,X_State,Y_State,Z_State,Y_Heading,Motor1_Pos,Motor2_Pos,Motor3_Pos,Motor4_Pos,Motor5_Pos,Motor6_Pos,Plate1,Plate2,Plate3,Plate4,Plate5,Plate6,Plate7
0,0,-0.8128178119659424,-0.021934542804956436,0.09621718151347475,0.09621718151347475,0.8571271104470415,0.5201049425133397,0.5844430427029434,-0.15910728587266254,0.9131140176757238,-0.27276722434854395,0.0,0.0,0.0,0.027048924774801,0.0029239766081872176,0.015594541910331383,0.02826510721247555,0.020467836257309857,0.011695906432748648,-0.0009746588693957392,1.8,0.6,2.7,1.8,0.6,2.7,1.8
0,1,-0.735031247138977,-0.1843387931585312,0.8187833576274034,0.9150005391408782,0.7262376917324787,-0.6784593068210087,0.3104852430536378,0.3351085831960685,-0.7136843768072818,0.8291062889612155,-81.28178119659424,8.639008551836014,-2.1934542804956436,0.8075656369730505,0.5185185185185186,0.30311890838206623,0.34113060428849895,-0.10721247563352831,0.5565302144249513,-0.1764132553606238,1.8,0.6,2.7,1.8,0.6,2.7,1.8
0,2,-0.967914342880249,-0.41784438490867615,0.22650448790531036,1.1415050270461886,0.881750018389075,-0.8451879064600667,-0.8143279971471731,-0.4556606740053766,-0.7407593907093168,-0.47553888385154575,7.778656482696533,0.038092583417892456,-16.240425035357475,0.14029893301484653,0.43762183235867447,-0.4064327485380117,0.19883040935672525,0.20370370370370372,-0.42884990253411304,0.503898635477583,1.8,0.6,2.7,1.8,0.6,2.7,1.8
0,3,-0.8318496942520142,-0.35758674144744873,0.9024452869604314,2.04395031400662,-0.6600298284961554,0.73081083329791,-0.6488066130731158,-0.6052693096263804,0.29920960661168383,0.8955645157989944,-23.288309574127197,0.12770891189575195,-23.350559175014496,-0.5469910241893793,0.5263157894736843,-0.5126705653021443,-0.48830409356725146,-0.2729044834307992,-0.43957115009746583,-0.28752436647173485,1.8,0.6,2.7,1.8,0.6,2.7,1.8
0,4,-0.8198895454406738,-0.3448482155799866,0.5078611839331469,2.551811497939767,0.9443923212777459,-0.7654376344555338,-0.05154098787814232,-0.8773752000009551,0.4168906523695628,0.4022364692315248,13.606464862823486,-0.06727352738380432,6.025764346122742,-0.5557559123614858,-0.4093567251461988,0.4415204678362572,-0.4171539961013645,-0.384990253411306,0.1793372319688109,0.5399610136452242,1.8,0.6,2.7,1.8,0.6,2.7,1.8
0,5,-0.7956640720367432,-0.28175631165504456,0.5778879560406494,3.1296994539804164,0.35715239565841994,0.876486051307166,-0.46047910287838123,-0.33162695857036084,-0.669414042238921,-0.2840698289479593,1.1960148811340332,0.010603666305541992,1.2738525867462158,-0.10387912024710941,0.5799220272904484,-0.4619883040935673,-0.02631578947368418,-0.5331384015594542,0.2514619883040936,0.2465886939571149,1.8,0.6,2.7,1.8,0.6,2.7,1.8
0,6,-0.7985852956771851,-0.29915523529052734,0.49023068146705034,3.6199301354474667,0.9564243077898136,-0.9497320745322746,0.17155527757102074,0.4925338739469054,-0.7936466707231573,0.1569700546743633,2.4225473403930664,0.0010006129741668701,6.309190392494202,0.0864788219580078,0.21637426900584789,0.5282651072124755,-0.2865497076023392,-0.20272904483430798,-0.4064327485380117,-0.16666666666666663,1.8,0.6,2.7,1.8,0.6,2.7,1.8
0,7,-0.9498953819274902,-0.4094758927822113,0.18383091641224053,3.8037610518597074,-0.7717307445356294,-0.8575773350366047,-0.2203275952453656,-0.6674665853545187,0.5538555419234583,0.6401241620469749,-0.29212236404418945,0.018221139907836914,-1.7398923635482788,0.019538637065899297,0.5838206627680311,-0.5789473684210527,0.10233918128654973,0.2992202729044835,-0.48830409356725146,0.08479532163742687,1.8,0.6,2.7,1.8,0.6,2.7,1.8
0,8,-0.8191981911659241,-0.3643571734428406,0.9423692874129486,4.746130339272656,0.17512990536269113,-0.7320267689423037,0.2053870133047282,-0.07740274976750072,0.68246925119763,-0.09080421447023412,-15.131008625030518,0.0479377806186676,-11.032065749168396,-0.6323381671755189,-0.4844054580896686,-0.52046783625731,-0.12183235867446396,-0.4035087719298246,0.3362573099415205,0.3801169590643274,1.8,0.6,2.7,1.8,0.6,2.7,1.8
0,9,-1.0632941722869873,0.03572598844766617,0.22894535414985112,4.975075693422507,0.8829123600813822,0.5598015019977574,0.9809684209197844,0.9928788315924613,0.2205761489759237,-0.6846833402319881,13.069719076156616,-0.07890686392784119,4.511871933937073,-0.4222333327897645,0.10331384015594547,-0.4571150097465887,0.10916179337231968,-0.06335282651072127,0.4005847953216375,-0.05750487329434695,1.8,0.6,2.7,1.8,0.6,2.7,1.8
0,10,-0.8794072270393372,-0.018190298229455948,1.4139282986989847,6.389003992121492,-0.7687540261220505,-0.11579963432698359,0.8981514202366663,0.5330697367416228,0.44320526312738107,-0.05032718652629353,-24.409598112106323,-0.03084540367126465,40.008316189050674,0.5421092917002978,0.537037037037037,0.3401559454191032,0.5896686159844056,0.5906432748538011,0.1257309941520468,-0.42105263157894735,1.8,0.6,2.7,1.8,0.6,2.7,1.8
0,11,-0.7681409120559692,-0.171564981341362,1.0346927297539785,7.423696721875471,0.12669770930791402,-0.26842026446251843,-0.24080332503408375,0.09576705356882065,0.9327713496873125,0.247328322458092,18.388694524765015,-0.024055689573287964,-5.391628667712212,-0.011012855078531985,-0.48245614035087714,-0.06822612085769986,0.567251461988304,0.3508771929824561,0.27680311890838216,-0.03898635477582846,1.8,0.6,2.7,1.8,0.6,2.7,1.8
0,12,-0.8250489234924316,-0.08856604248285294,0.12928668306631835,7.55298340494179,0.9540445085649223,0.43367370047581155,0.2002859790729179,0.08190328020245019,0.6688604835267054,0.2580144929620871,11.126631498336792,0.014356523752212524,-15.337468311190605,-0.04327769032572231,0.07602339181286544,-0.15399610136452246,-0.1335282651072125,0.07309941520467844,0.5779727095516569,0.14912280701754388,1.8,0.6,2.7,1.8,0.6,2.7,1.8
0,13,-0.7807114124298096,-0.21435421705245972,0.6689310719373347,8.221914476879125,0.49528353396927316,0.1492768415275627,-0.8773443318297092,0.15344150340793616,0.9252845848883715,0.04588687451863782,-5.69080114364624,-0.027839839458465576,8.299893885850906,0.7414266338673633,0.5838206627680311,0.26315789473684204,0.11111111111111116,0.042884990253411415,0.40253411306042874,0.14814814814814814,1.8,0.6,2.7,1.8,0.6,2.7,1.8
0,14,-0.8461058735847473,-0.33617472648620605,0.1477692003357996,8.369683677214924,-0.44095273516534106,-0.8561115442416891,0.37272036261658026,-0.8757294740508261,0.6030135273166317,0.842475149570483,4.433751106262207,0.07807612419128418,-12.578817456960678,0.10551296675155136,0.29824561403508776,0.09746588693957126,-0.52046783625731,0.09941520467836251,0.567251461988304,0.032163742690058506,1.8,0.6,2.7,1.8,0.6,2.7,1.8
0,15,-0.7750623822212219,-0.1704535335302353,0.7871691677167867,9.156852844931711,0.38234669162263857,-0.39045258902924007,0.5730126201175525,0.13949417980209478,0.6776975748886072,0.6972299032542393,-6.539446115493774,-0.0070191919803619385,-12.182050943374634,-0.7044615993284008,-0.2807017543859649,-0.52046783625731,0.2378167641325537,-0.5224171539961013,0.3762183235867447,0.50682261208577,1.8,0.6,2.7,1.8,0.6,2.7,1.8
0,16,-0.7987121343612671,-0.13481497764587402,0.25869723687151525,9.415550081803227,0.8624023869825501,-0.4031762449272027,0.8618133215522001,-0.42632392586277024,0.3312660494705806,0.1023610321524897,7.104349136352539,-0.02278462052345276,16.572119295597076,0.13609657820168045,0.230019493177388,-0.2485380116959064,0.3362573099415205,0.07894736842105265,0.4142300194931774,0.4181286549707601,1.8,0.6,2.7,1.8,0.6,2.7,1.8
0,17,-0.8443930745124817,-0.24187254905700684,0.16037116418034436,9.57592124598357,-0.8759099084030373,-0.9239194130203763,0.9654627474352213,0.39159779235965386,0.896960829909953,-0.6138650504779526,-2.3649752140045166,-0.014916062355041504,3.5638555884361267,0.4826055262569695,0.5263157894736843,-0.24463937621832355,0.5263157894736843,-0.25828460038986356,0.1978557504873295,0.05458089668615984,1.8,0.6,2.7,1.8,0.6,2.7,1.8
0,18,-0.7685608863830566,-0.21238352358341217,0.7933214072881268,10.369242653271698,0.42225491114075653,0.023506852229353337,0.38711798608117753,-0.5876498140905291,-0.9647032448705306,-0.5449881147199331,-4.56809401512146,0.03470703959465027,-10.705757141113281,-0.6792576716393113,-0.5448343079922027,-0.5682261208576997,0.5721247563352827,0.22319688109161784,0.53411306042885,-0.37816764132553604,1.8,0.6,2.7,1.8,0.6,2.7,1.8
0,19,-0.789047122001648,-0.19282783567905426,0.2617093727414792,10.630952026013176,0.9799121651860352,0.8514370520900758,-0.7362112559418632,0.14778840825964412,-0.12464783359771814,0.11281314112172969,7.583218812942505,0.0043489038944244385,2.9489025473594666,0.17167906671799676,0.2612085769980508,0.024366471734892814,0.26023391812865504,-0.33333333333333337,-0.50682261208577,-0.33040935672514615,1.8,0.6,2.7,1.8,0.6,2.7,1.8
0,20,-0.7861860394477844,-0.11588333547115326,0.23199323598524357,10.86294526199842,0.986033104743891,-0.05828129406631066,0.654217985882487,0.2686923164268584,-0.07900846654925875,-0.8274284673236574,-2.048623561859131,-0.030375272035598755,1.955568790435791,0.4765812545170416,0.5925925925925926,0.5087719298245614,-0.4629629629629629,0.08674463937621835,-0.07894736842105265,0.06920077972709548,1.8,0.6,2.7,1.8,0.6,2.7,1.8
0,21,-0.7796881198883057,-0.26383069157600403,0.3322767775475401,11.195222039545959,-0.7423064704943605,0.7937927983484441,-0.7867460326787616,-0.15830239332326057,0.0868656494343556,-0.9210830229178499,0.28610825538635254,-0.033849477767944336,7.6944500207901,0.5646243535681481,0.5964912280701755,-0.041910331384015564,0.38109161793372315,0.1471734892787524,-0.06237816764132553,-0.5136452241715399,1.8,0.6,2.7,1.8,0.6,2.7,1.8
0,22,-0.8137681484222412,-0.33946678042411804,0.26671528991671234,11.461937329462671,-0.0011341744570294576,-0.464484491869934,-0.827572308877425,0.8590646731414933,0.09902862886474284,0.35491829672537234,0.649791955947876,0.061152875423431396,-14.794735610485077,-0.4004256404997074,-0.4658869395711501,0.4892787524366471,-0.45808966861598444,-0.08869395711500971,0.0536062378167641,-0.5565302144249513,1.8,0.6,2.7,1.8,0.6,2.7,1.8
0,23,-0.788902997970581,-0.3185936212539673,0.5741977403952417,12.036135069857913,0.18820499664639656,0.48236303728981333,-0.8992291013438309,-0.1073215971267012,-0.2797914229938081,-0.7779613134957324,-3.4080028533935547,-0.0038288533687591553,-7.563608884811401,-0.4665694201665753,-0.004873294346978585,-0.28752436647173485,-0.5029239766081872,0.5107212475633529,0.05555555555555558,0.2192982456140351,1.8,0.6,2.7,1.8,0.6,2.7,1.8
0,24,-0.8651145100593567,-0.40427470207214355,0.0562694184226577,12.09240448828057,-0.9767367055979541,0.1876689057417944,-0.5182490627911471,-0.5956110321823063,-0.43753441648126756,-0.8639421557588076,2.4865150451660156,0.009570270776748657,2.0873159170150757,-0.10025602372611804,0.11111111111111116,0.30019493177387924,-0.5389863547758285,-0.06140350877192979,-0.165692007797271,-0.4756335282651072,1.8,0.6,2.7,1.8,0.6,2.7,1.8
0,25,-0.8122013807296753,-0.09080974012613297,0.7534015361715316,12.845806024452102,-0.7700424291437291,0.605373172007027,0.314950601713069,0.8537367234940516,0.2137247601619372,0.9078465306128636,-7.6211512088775635,0.03238171339035034,-8.568108081817627,-0.8874611631546846,-0.6091617933723197,0.11890838206627685,-0.30116959064327486,-0.33528265107212474,-0.24561403508771928,-0.5116959064327485,1.8,0.6,2.7,1.8,0.6,2.7,1.8
0,26,-0.8080251216888428,-0.31911513209342957,0.15870145821403453,13.004507482666137,-0.8628583533859031,0.08330127526458009,-0.5298379722245647,0.001058085517625651,0.4570354775764027,0.6176402252709547,5.29131293296814,-0.06117001175880432,31.34649619460106,-0.02232822095375079,-0.47758284600389866,0.35380116959064334,0.17543859649122817,0.5048732943469785,0.12378167641325533,0.5467836257309941,1.8,0.6,2.7,1.8,0.6,2.7,1.8
0,27,-0.9029355049133301,-0.013545815832912922,0.10406175783311206,13.108569240499248,0.9994788671803565,0.6688813296473095,0.018751584512977537,0.6999689289738842,0.8062575999491997,0.3199920537776524,0.41762590408325195,0.013168901205062866,-22.83053919672966,-0.7243596739802561,-0.5233918128654971,0.05555555555555558,-0.31676413255360625,-0.006822612085769952,0.26608187134502925,0.3801169590643274,1.8,0.6,2.7,1.8,0.6,2.7,1.8
0,28,-0.9330371022224426,-0.43299663066864014,0.1870365414535049,13.295605781952753,0.32794051954792347,-0.4327455065648762,-0.837762622616598,-0.4182380952790383,-0.7058501132414341,0.28767111636613296,-9.49103832244873,-0.06104037165641785,30.556931626051664,0.7918764843337759,0.6179337231968811,0.4083820662768032,0.007797270955165692,0.41520467836257313,0.4941520467836258,0.19005847953216382,1.8,0.6,2.7,1.8,0.6,2.7,1.8
0,29,-0.9050341844558716,-0.4455007314682007,0.47300478234567545,13.768610564298429,0.9049666152093252,-0.7637463130178699,0.42336757709174866,-0.2624667672669978,-0.7313675092015115,-0.25731708874717407,-3.010159730911255,0.20857006311416626,-41.94508148357272,-0.6259269170929902,0.1929824561403508,-0.26120857699805067,-0.48538011695906436,-0.23976608187134507,-0.4093567251461988,0.18323586744639386,1.8,0.6,2.7,1.8,0.6,2.7,1.8
0,30,-0.8385964035987854,-0.3825013041496277,0.8318044570454235,14.600415021343853,0.9760715375142988,-0.004130183779856633,-0.2483710180903107,-0.9467659628975951,0.7164811693982185,0.19959252209883638,2.8002917766571045,-0.04755333065986633,-1.2504100799560547,-0.33401961297435956,0.5380116959064327,-0.4922027290448343,0.19590643274853803,-0.20272904483430798,-0.4658869395711501,-0.165692007797271,1.8,0.6,2.7,1.8,0.6,2.7,1.8
0,31,-0.7848421335220337,-0.27538612484931946,0.6669521876930073,15.26736720903686,-0.35669748701306503,0.11284303640214466,0.955198118556922,-0.1326730464860446,-0.6700136615151033,0.055302817118240366,6.643778085708618,-0.06438344717025757,6.2999427318573,0.0007688944800146621,0.5847953216374269,-0.006822612085769952,-0.15594541910331383,-0.5857699805068226,0.44249512670565294,0.1120857699805069,1.8,0.6,2.7,1.8,0.6,2.7,1.8
0,32,-0.8140551447868347,-0.317482054233551,0.46472557339949244,15.732092782436354,0.9739605556350648,-0.5565132610077412,-0.5532566871769611,0.8708506221381174,-0.9701239170046425,0.3198311916683956,5.375427007675171,-0.012158602476119995,10.711517930030823,-0.20363832538150228,-0.22612085769980506,0.05750487329434706,0.571150097465887,-0.09161793372319693,-0.4122807017543859,0.029239766081871288,1.8,0.6,2.7,1.8,0.6,2.7,1.8
0,33,-0.8357406854629517,-0.38858479261398315,0.2102883772592991,15.942381159695653,-0.5707334759790201,0.4479281400145456,-0.6392788946624455,-0.3959518686026746,-0.6022072851056608,0.637601012178804,-2.9213011264801025,0.030403584241867065,-4.209592938423157,0.07054885320101516,0.5964912280701755,-0.33235867446393763,-0.3187134502923976,0.5467836257309941,-0.594541910331384,0.18518518518518512,1.8,0.6,2.7,1.8,0.6,2.7,1.8
0,34,-0.9090888500213623,-0.40267127752304077,0.12639478197678244,16.068775941672435,-0.8813060050568844,-0.7651123741144494,-0.11602417174588142,0.9811412760569598,-0.43919003604382856,-0.4423268543105858,-2.1685540676116943,-0.027698278427124023,-7.110273838043213,-0.5794232454814018,-0.3557504873294347,0.2777777777777777,-0.3791423001949318,-0.2270955165692008,-0.3635477582846004,0.38888888888888884,1.8,0.6,2.7,1.8,0.6,2.7,1.8
0,35,-0.8037109971046448,-0.36083081364631653,0.6957480500603921,16.764523991732826,-0.9682026023232657,-0.03462227689778641,0.25804745630599357,-0.46801455202630105,-0.23547904403047348,-0.5276943709403585,-7.3348164558410645,0.02661198377609253,-1.4086484909057617,-0.7472104360464351,-0.5380116959064327,-0.4756335282651072,-0.08869395711500971,0.5838206627680311,-0.28460038986354774,-0.27875243664717353,1.8,0.6,2.7,1.8,0.6,2.7,1.8
0,36,-0.7952714562416077,-0.337544322013855,0.25945818309655017,17.023982174829378,-0.8199830447645529,0.11569939354691328,0.6495832647316657,-0.39367362323606536,0.7400351348727181,-0.6861207631171284,10.537785291671753,-0.058688223361968994,4.184046387672424,-0.662282429046391,-0.5886939571150098,-0.01754385964912286,0.1598440545808968,-0.26900584795321636,-0.14035087719298245,-0.3157894736842105,1.8,0.6,2.7,1.8,0.6,2.7,1.8
0,37,-0.7783588767051697,-0.20727983117103577,0.5067397737788089,17.530721948608186,0.20492179895172935,0.04351570601876853,0.809797439300467,0.6583815754481026,-0.27300143937506816,-0.43057834024645825,0.8439540863037109,0.01843869686126709,2.328649163246155,-0.5654790424372708,-0.5116959064327485,0.05750487329434706,0.37329434697855746,-0.2514619883040936,0.45029239766081863,-0.41812865497076024,1.8,0.6,2.7,1.8,0.6,2.7,1.8
0,38,-0.8196921944618225,-0.34018900990486145,0.483162292565859,18.013884241174043,0.8662921838811757,-0.06776843877503325,-0.7342026988172059,-0.33277402637771525,0.9284104457024416,0.9942952110290588,1.6912579536437988,-0.008083134889602661,13.026449084281921,0.1556462478067623,0.12085769980506833,0.022417153996101336,0.46881091617933723,0.3742690058479532,-0.1842105263157895,-0.2758284600389863,1.8,0.6,2.7,1.8,0.6,2.7,1.8
0,39,-0.7834733128547668,-0.3105987012386322,0.6667186988861855,18.68060294006023,0.11592703772344115,0.609407646518207,-0.19254692384342054,-0.3977172621700831,-0.007185077007995977,-0.8791720747731138,-4.133331775665283,0.032460689544677734,-13.290917873382568,0.03367541486828196,0.5243664717348928,-0.03606237816764135,-0.4415204678362573,-0.18810916179337234,0.5799220272904484,0.6130604288499026,1.8,0.6,2.7,1.8,0.6,2.7,1.8
0,40,-0.84671950340271,-0.39097264409065247,0.3214646722984539,19.002067612358683,0.426053355993663,-0.9747309531367283,0.44523064554954783,-0.20052292916604353,-0.7855659502793952,-0.2693420363771226,3.6218881607055664,-0.049518048763275146,2.959030866622925,-0.028751418298185453,0.06627680311890849,0.3606237816764133,-0.12085769980506822,-0.23586744639376223,-0.0019493177387914784,-0.5321637426900585,1.8,0.6,2.7,1.8,0.6,2.7,1.8
0,41,-0.842329740524292,-0.37026071548461914,0.4287957676142329,19.430863379972916,0.7745380255124401,-0.9044640080392605,0.6674269540849942,0.49859296357798333,-0.9207557291276094,0.23131616284833179,-6.3246190547943115,0.05253627896308899,-8.037394285202026,-0.35707065540309224,0.25536062378167634,-0.5886939571150098,0.27680311890838216,-0.11793372319688111,-0.469785575048733,-0.16276803118908378,1.8,0.6,2.7,1.8,0.6,2.7,1.8
0,42,-0.8330897092819214,-0.34283947944641113,0.4617147992969268,19.892578179269844,0.9454494078949707,0.27391293329543265,-0.6873762103757115,-0.6535705574315664,0.01479915718444258,0.8447240987562843,0.4389762878417969,-0.046190619468688965,2.0711928606033325,-0.18630609355571398,0.462962962962963,-0.5672514619883041,0.37914230019493167,0.28167641325536064,-0.5692007797270955,0.12768031189083828,1.8,0.6,2.7,1.8,0.6,2.7,1.8
0,43,-0.9708482623100281,-0.4952855110168457,0.17692343831217872,20.069501617582024,0.22295368628013112,-0.3626134427709069,-0.2923083061045899,-0.9922746726644356,-0.9990319285641203,0.045578386867275666,0.9240031242370605,0.02398863434791565,2.742123603820801,0.16897071382985246,0.5740740740740742,0.17543859649122817,-0.39766081871345027,-0.37524366471734893,0.01754385964912286,0.5185185185185186,1.8,0.6,2.7,1.8,0.6,2.7,1.8
0,44,-0.8528854250907898,-0.41544654965400696,0.7130098608598381,20.78251147844186,-0.6199998919911975,-0.5084731349868608,0.6703534520211327,-0.5305868026524498,0.4375272085215962,-0.5391747818851227,-13.775855302810669,0.11282265186309814,-15.244603157043457,-0.6461531233756426,0.13157894736842102,-0.2192982456140351,-0.16666666666666663,-0.5984405458089669,-0.6062378167641326,0.034113060428849984,1.8,0.6,2.7,1.8,0.6,2.7,1.8
0,45,-0.844881534576416,-0.4189125597476959,0.2580378472976456,21.04054932573951,-0.5957027557579135,0.6304837051325232,-0.8506350756500236,-0.24718773078464507,-0.5356902132776482,0.08175924345087093,11.796283721923828,-0.07494017481803894,7.9838961362838745,-0.7536086504727068,-0.38401559454191037,-0.32163742690058483,0.3898635477582846,-0.33040935672514615,0.27387914230019494,-0.33235867446393763,1.8,0.6,2.7,1.8,0.6,2.7,1.8
0,46,-0.8271262049674988,-0.3875628709793091,0.5363773373027014,21.57692666304221,0.37694649011858994,0.6623009261817381,-0.8799371141822445,-0.14354580980078113,-0.5668131424740193,0.9397389546115968,0.8003890514373779,-0.025920569896697998,-0.3466010093688965,-0.5639632105484466,-0.36549707602339176,0.3879142300194931,-0.5038986354775828,-0.14035087719298245,-0.3128654970760234,0.04873294346978563,1.8,0.6,2.7,1.8,0.6,2.7,1.8
0,47,-0.9125220775604248,-0.4618701636791229,0.08930203182698909,21.6662286948692,-0.13113633023510052,-0.911986769728752,-0.28093949265816454,-0.0031798905772644215,0.03864298212884565,0.2026203881358435,1.7755329608917236,-0.00252649188041687,3.134968876838684,-0.10479862148376957,0.22514619883040932,0.3927875243664718,-0.5272904483430799,-0.09161793372319693,-0.34307992202729043,0.5662768031189085,1.8,0.6,2.7,1.8,0.6,2.7,1.8
0,48,-0.8085360527038574,-0.20826305449008942,0.8622884234163731,22.528517118285574,0.2892480371834776,0.512942607691161,0.6916625206055151,-0.20147898685187315,-0.7282044368539826,0.7189460837970518,-8.539587259292603,0.07892921566963196,-7.430729269981384,-0.8213959363460218,-0.08966861598440545,-0.5536062378167641,-0.1686159844054581,-0.005847953216374324,0.00974658869395717,0.10916179337231968,1.8,0.6,2.7,1.8,0.6,2.7,1.8
0,49,-0.826044499874115,-0.35825085639953613,0.4196351276605773,22.94815224594615,0.6170958468753436,-0.9345296622125268,0.7988965415101876,-0.8169471541457214,-0.3557154435192653,0.2672424758569989,10.398602485656738,-0.10298416018486023,25.36071091890335,0.3152834017329275,0.17251461988304095,0.3128654970760234,0.4064327485380117,-0.13742690058479534,-0.45808966861598444,0.4278752436647173,1.8,0.6,2.7,1.8,0.6,2.7,1.8
0,50,-0.7898349761962891,-0.3203177750110626,0.5548696057792458,23.503021851725396,-0.05235699958890705,-0.14126692965027643,0.030641959019646947,0.7600023717897435,0.48942777138649585,0.450637617153153,-1.7508447170257568,0.024574249982833862,-14.998780190944672,-0.16072974467884538,0.3742690058479532,-0.5662768031189084,0.4951267056530215,-0.4844054580896686,-0.21539961013645226,0.165692007797271,1.8,0.6,2.7,1.8,0.6,2.7,1.8
0,51,-0.8065584301948547,-0.2127963900566101,0.4492972774445284,23.952319129169926,-0.7433566810468202,0.755438251094517,0.39053850988582095,0.8303598522544229,-0.33618038542332074,0.9761056696372623,3.6209523677825928,-0.0057756900787353516,3.793308138847351,-0.25235602521976763,-0.042884990253411304,-0.09941520467836262,-0.004873294346978585,0.4415204678362572,0.27972709551656916,0.25243664717348935,1.8,0.6,2.7,1.8,0.6,2.7,1.8
0,52,-0.922421932220459,-0.5066390037536621,0.15697308660932713,24.109292215779252,0.04538465483916165,-0.4703822405511038,-0.3737590513203892,-0.8106491321604383,0.3963324040836589,0.23453280480089567,-1.6723453998565674,-0.008746981620788574,10.752138495445251,-0.10140544511094317,-0.45808966861598444,0.4522417153996101,0.21637426900584789,0.4814814814814814,-0.21345029239766078,0.5877192982456141,1.8,0.6,2.7,1.8,0.6,2.7,1.8
0,53,-0.9156882762908936,-0.5049673914909363,0.12151581668881056,24.23080803246806,-0.43215575309892085,-0.7931687023776088,0.6526726352362204,-0.01386686620857791,-0.31746009469941683,0.3425265548668981,-11.586350202560425,0.12970715761184692,-29.3842613697052,-0.6860538267813457,0.029239766081871288,-0.28167641325536064,-0.21052631578947367,-0.47173489278752434,0.25048732943469787,0.1520467836257311,1.8,0.6,2.7,1.8,0.6,2.7,1.8
0,54,-0.8375408053398132,-0.397390216588974,0.6619070732839367,24.892715105752,-0.9119028433302772,0.9360586135095526,0.17153667960824648,0.08226415275313914,-0.6044156389044772,0.7080505827832348,0.673365592956543,-0.03417953848838806,0.167161226272583,-0.8243049259180332,-0.2699805068226121,-0.4941520467836257,0.3820662768031189,-0.025341130604288553,-0.20955165692007793,0.1949317738791423,1.8,0.6,2.7,1.8,0.6,2.7,1.8
0,55,-0.8464850187301636,-0.3775152564048767,0.3147542000505896,25.20746930580259,-0.7365577858500589,0.4368019905536189,0.7498347851573794,-0.9322706965989402,-0.990970087528348,0.43582363109584543,7.814747095108032,-0.059038400650024414,10.757717490196228,-0.4576605629429299,-0.5692007797270955,0.5545808966861598,0.08966861598440556,0.03801169590643272,-0.37329434697855746,0.41910331384015587,1.8,0.6,2.7,1.8,0.6,2.7,1.8
0,56,-0.8346477746963501,-0.35992875695228577,0.557038672850428,25.76450797865302,0.07504802221136875,0.9034651688496269,0.2370156839705968,-0.7712270809085255,0.23891998881248933,0.6870876070604115,-0.8944213390350342,-0.026785582304000854,1.987496018409729,-0.3704915998988208,-0.4473684210526315,0.26803118908382073,0.4649122807017543,-0.5565302144249513,-0.5906432748538012,0.27680311890838216,1.8,0.6,2.7,1.8,0.6,2.7,1.8
0,57,-0.9993208646774292,-0.5399167537689209,0.17801042357039587,25.942518402223413,-0.9290859930705655,-0.08828415696665881,-0.753474938832188,0.07808230545073247,-0.4651418925269202,0.29068343459092194,1.1837244033813477,0.005218386650085449,1.7586499452590942,0.004295094637278915,0.04483430799220267,0.5438596491228069,0.13255360623781676,-0.4844054580896686,0.1393762183235867,0.4044834307992202,1.8,0.6,2.7,1.8,0.6,2.7,1.8
0,58,-0.8229187726974487,-0.40708407759666443,1.2814652142900673,27.22398361651348,0.07218330554029362,-0.24676756034055392,0.82489635408589,-0.24600838159905036,0.25478344245107043,0.1853681185290994,-16.46730899810791,0.14956295490264893,-17.998799681663513,-0.6439791528592083,-0.5740740740740741,-0.06237816764132553,-0.45321637426900585,0.05653021442495132,-0.2758284600389863,0.18226120857699812,1.8,0.6,2.7,1.8,0.6,2.7,1.8
0,59,-0.8434866070747375,-0.28058528900146484,0.33953522464548613,27.563518841158967,0.4180116540867711,0.9097134722246059,-0.6926308393478016,0.5688121880987458,0.833868001479039,-0.038787666032009005,17.640209197998047,-0.15164092183113098,13.283267617225647,-0.2010904912196702,0.03703703703703698,-0.15009746588693962,0.4814814814814814,-0.16764132553606237,0.1335282651072125,0.10233918128654973,1.8,0.6,2.7,1.8,0.6,2.7,1.8
0,60,-0.8365989327430725,-0.3713872730731964,0.41838110554944546,27.981899946708413,0.912323922443623,-0.24320786534092798,0.34477463118346585,0.0471228014903855,-0.7840080902820983,-0.8064165242004615,-2.056783437728882,-0.018336623907089233,12.649878859519958,0.32092955070902773,0.24756335282651065,0.5506822612085771,-0.42592592592592593,0.3391812865497077,0.49902534113060426,-0.033138401559454245,1.8,0.6,2.7,1.8,0.6,2.7,1.8
0,61,-1.0773104429244995,-0.5289024710655212,0.2639857307856518,28.245885677494066,-0.9249409013226926,-0.141372623696699,-0.9249528421761268,-0.6899310227084381,0.9013710730409243,-0.23357553982415902,0.6887674331665039,0.022377073764801025,-9.080198407173157,0.23211453221775943,0.5565302144249513,-0.13840155945419108,0.22222222222222232,0.03508771929824572,-0.47173489278752434,-0.48635477582846,1.8,0.6,2.7,1.8,0.6,2.7,1.8
0,62,-0.8259577751159668,-0.35104119777679443,1.7274354816291393,29.973321159123206,0.016402717001127165,0.2764728945432504,-0.0820567812177726,0.7353093800276662,0.7676898879770124,0.360724991920206,-24.0711510181427,0.21455064415931702,-15.751519799232483,-0.4720285384286964,-0.5789473684210527,-0.09551656920077978,-0.5633528265107213,-0.41325536062378165,0.5584795321637428,-0.15302144249512672,1.8,0.6,2.7,1.8,0.6,2.7,1.8
0,63,-0.8691287636756897,-0.4453957676887512,0.4148168530524888,30.388138012175695,0.7626842828488525,-0.8478540791224434,0.7663165000701146,-0.11580970494776976,-0.4725752720075522,-0.7373626150684498,25.13526678085327,-0.2416647970676422,17.78612732887268,-0.05865571482704856,0.007797270955165692,0.1578947368421053,-0.06432748538011701,0.4122807017543859,0.4463937621832359,0.19980506822612076,1.8,0.6,2.7,1.8,0.6,2.7,1.8
0,64,-0.9038275480270386,-0.49236437678337097,0.1268068139793851,30.51494482615508,-0.7552470033223588,0.24412726474198965,0.09352735565724113,-0.8255699194585882,-0.8951000731425078,-0.10750625256478252,-4.31709885597229,0.0747784972190857,-9.435456991195679,-0.17036629389502242,0.4600389863547758,-0.5146198830409356,0.469785575048733,-0.07504873294346981,-0.2894736842105263,-0.4463937621832359,1.8,0.6,2.7,1.8,0.6,2.7,1.8
0,65,-0.861951470375061,-0.4608607292175293,0.345380364895755,30.860325191050837,-0.7753395002581807,0.047154757322638075,0.04892440158356415,0.8101283557597441,-0.6577531572087552,0.6211213332681047,-3.4698784351348877,0.020775198936462402,-4.696860909461975,-0.7463863720412298,-0.4678362573099415,0.1549707602339181,0.067251461988304,-0.4922027290448343,-0.537037037037037,-0.06627680311890838,1.8,0.6,2.7,1.8,0.6,2.7,1.8
0,66,-0.8286734223365784,-0.3345167636871338,0.6358075411201694,31.496132732171006,-0.37664842001521603,0.9533772199898536,0.21479216237743026,-0.8696280534886243,0.29664792305930976,-0.9610946851227562,4.187607765197754,-0.03457367420196533,3.1503647565841675,-0.7280000467282653,-0.4834307992202729,0.025341130604288553,0.01072124756335291,0.47758284600389866,-0.42397660818713445,0.36549707602339176,1.8,0.6,2.7,1.8,0.6,2.7,1.8
0,67,-0.8467079997062683,-0.44871219992637634,0.40583651212398353,31.90196924429499,0.7641526076570906,-0.7410171223904685,-0.21055238124263398,0.38274169262797386,0.4237533459745475,-0.26619102302139774,3.3278048038482666,-0.046294182538986206,12.63439655303955,-0.06116539814448803,-0.2300194931773879,0.5808966861598441,0.12865497076023402,-0.5175438596491229,0.1793372319688109,-0.5857699805068226,1.8,0.6,2.7,1.8,0.6,2.7,1.8
0,68,-0.8428032994270325,-0.4548986852169037,0.35853733169234125,32.26050657598733,-0.07520421631496399,0.48227546539794086,-0.4863187904739388,-0.7369754544629596,0.6884710399191825,-0.5422030984444315,-1.8034577369689941,0.05150362849235535,-11.419543623924255,-0.18832697575203292,0.46881091617933723,-0.4463937621832359,-0.1286549707602339,0.23099415204678353,0.24171539961013644,-0.17543859649122806,1.8,0.6,2.7,1.8,0.6,2.7,1.8
0,69,-0.837073802947998,-0.4433886706829071,0.47920804632988634,32.739714622317216,0.5789351701813947,0.05398356273889271,0.16799664036421436,-0.6743429923975777,-0.2967555221066631,-0.3997166564472576,0.390470027923584,-0.002187490463256836,-0.6186485290527344,-0.3219723394076759,-0.050682261208576995,0.297270955165692,-0.2855750487329435,-0.4463937621832359,0.41617933723196887,-0.3265107212475633,1.8,0.6,2.7,1.8,0.6,2.7,1.8
0,70,-0.8983492255210876,-0.4884864091873169,0.10531428350834998,32.845028905825565,-0.27359277586893493,-0.8124382280716316,0.5347120822030611,0.32791954119808,-0.5063673491881684,0.2539869585764387,0.5729496479034424,-0.020094960927963257,1.1510014533996582,-0.09887887213057152,0.3469785575048734,0.02826510721247555,0.10526315789473695,-0.4142300194931774,-0.17543859649122806,-0.25048732943469787,1.8,0.6,2.7,1.8,0.6,2.7,1.8
0,71,-0.8396824598312378,-0.42794176936149597,0.3994027038598294,33.24443160968539,-0.9397558591654751,-0.24792358694127947,0.6079074299360236,0.13116341503856477,0.3493543249043223,0.32920266716175206,-6.12754225730896,0.04817992448806763,-4.509773850440979,-0.7893714329833,-0.18031189083820665,-0.5048732943469786,0.3187134502923976,0.1929824561403508,-0.3128654970760234,0.1442495126705654,1.8,0.6,2.7,1.8,0.6,2.7,1.8
0,72,-0.9265708327293396,-0.5266368985176086,0.27052464890847966,33.51495625859387,0.5522324302576602,-0.46592229553934783,-0.775619256622331,0.17456808007151703,-0.12413639717076141,-0.7614580176491332,5.866676568984985,-0.06280764937400818,6.054463982582092,-0.7878622491788397,-0.5847953216374269,-0.16471734892787526,0.3528265107212476,0.06432748538011701,0.20175438596491224,0.18518518518518512,1.8,0.6,2.7,1.8,0.6,2.7,1.8
0,73,-0.8862137794494629,-0.5116637349128723,0.5649026659380938,34.07985892453196,0.5076240122072833,0.11565559034232042,0.03658579644033777,-0.17183795215323272,-0.06383431849327637,-0.7816480896934157,-8.68883728981018,0.1309618353843689,-9.869512915611267,-0.4589507021830407,0.3401559454191032,-0.27680311890838205,-0.46101364522417154,0.11306042884990264,-0.06627680311890838,-0.4619883040935673,1.8,0.6,2.7,1.8,0.6,2.7,1.8
0,74,-0.8911698460578918,-0.4999840557575226,0.2714270821776603,34.35128600670962,-0.2537955427717322,0.8293019967409014,-0.47385664292660934,-0.24169934136075621,-0.26768534234527563,-0.8667572655894562,4.035705327987671,-0.05200803279876709,1.4973163604736328,-0.2737652009225796,0.3050682261208577,0.05555555555555558,-0.005847953216374324,-0.12378167641325533,-0.05555555555555558,-0.48635477582846,1.8,0.6,2.7,1.8,0.6,2.7,1.8
0,75,-0.8810114860534668,-0.4709632098674774,0.48563117874017186,34.83691718544979,0.43076279748838964,0.8656513263859642,-0.7173220129612805,0.19764028999883987,-0.028830499166979218,-0.41542251102636785,-0.4956066608428955,-0.0012069940567016602,1.1679679155349731,-0.4571458356446793,-0.15984405458089668,0.4951267056530215,-0.2933723196881092,-0.15204678362573099,-0.15594541910331383,-0.5165692007797271,1.8,0.6,2.7,1.8,0.6,2.7,1.8
0,76,-0.8697285056114197,-0.48812851309776306,0.4155437405435476,35.25246092599334,0.3972621199293882,-0.3861169283699879,0.12045131566081047,0.5954564033785406,-0.7600925283669,0.22362403618921523,1.0158360004425049,-0.022848695516586304,2.9020845890045166,-0.13032124256390676,0.25828460038986356,0.5087719298245614,-0.4473684210526315,0.09941520467836251,-0.033138401559454245,-0.26608187134502925,1.8,0.6,2.7,1.8,0.6,2.7,1.8
0,77,-0.9247642159461975,-0.5303499102592468,0.16812024827598898,35.42058117426933,-0.2398045898515293,-0.2156607197397733,0.3224157802096712,-0.8402499615991796,-0.8666159774291757,0.3127199771586715,1.128298044204712,0.005225837230682373,-1.7165303230285645,-0.28174232333337595,0.2465886939571149,-0.23879142300194933,0.06822612085769975,0.34307992202729043,-0.4678362573099415,0.12378167641325533,1.8,0.6,2.7,1.8,0.6,2.7,1.8
0,78,-0.9926725625991821,-0.5554013848304749,0.12596374915466213,35.546544923423994,0.2669116535170821,-0.8069636164943004,-0.1804877599202468,-0.006880304977524787,-0.9586033141689938,0.3743513450315059,-5.503571033477783,0.029484927654266357,-4.2221397161483765,-0.663759503448022,-0.15204678362573099,-0.1306042884990254,0.20175438596491224,-0.5019493177387915,-0.5185185185185186,0.19103313840155955,1.8,0.6,2.7,1.8,0.6,2.7,1.8
0,79,-0.8612334728240967,-0.45730140805244446,1.0443064925110228,36.59085141593502,0.6274360286262055,-0.855072877450114,0.6032494672411866,0.14026046389715807,0.09684891553971631,0.694677976984093,-6.790834665298462,0.05396455526351929,-2.5051474571228027,-0.7480725016906757,0.15886939571150105,-0.49025341130604283,-0.1042884990253411,-0.00877192982456143,-0.5886939571150098,0.2134502923976609,1.8,0.6,2.7,1.8,0.6,2.7,1.8
0,80,-0.8449673056602478,-0.4484138786792755,0.2742036775039642,36.86505509343898,-0.6653373454649203,-0.009040508257110336,0.44847114206891936,0.17108725773985456,0.7149231484942169,-0.781448507962911,13.143908977508545,-0.10542124509811401,9.80999767780304,-0.2257779127288088,0.37329434697855746,-0.5263157894736843,0.35380116959064334,0.07894736842105265,0.05750487329434706,0.41033138401559444,1.8,0.6,2.7,1.8,0.6,2.7,1.8
0,81,-0.8432322144508362,-0.3529854118824005,0.3502155330997482,37.21527062653873,0.6477608504811727,0.7326376154285512,0.03531696161783282,-0.8815659081428495,0.5516787289366432,0.013475597683589413,1.6266167163848877,-0.033827126026153564,0.8887529373168945,-0.6142543166305604,-0.4142300194931774,-0.016569200779727122,0.2592592592592593,0.09161793372319682,0.4249512670565303,-0.47758284600389866,1.8,0.6,2.7,1.8,0.6,2.7,1.8
0,82,-1.1769287586212158,-0.57415372133255,0.11143798852694525,37.32670861506568,0.3674157971532126,-0.5916494493626026,-0.6351015764816623,-0.9596094225871368,-0.06699036140032222,0.10284102803099593,0.1735091209411621,-0.01119375228881836,9.5428466796875,0.3169198458946199,0.39668615984405453,0.4483430799220274,0.029239766081871288,-0.5292397660818713,0.3450292397660819,0.003898635477582957,1.8,0.6,2.7,1.8,0.6,2.7,1.8
0,83,-0.9269216060638428,-0.5459514260292053,1.427546153930604,38.75425476899628,-0.5400051771286336,0.24563977209405885,0.35436756333389363,0.855521349987824,-0.1679409403925618,0.07982539145429812,-33.369654417037964,0.3314368426799774,-22.116830945014954,-0.7771240229461095,0.21734892787524362,-0.3771929824561403,-0.3830409356725146,-0.5760233918128654,-0.03411306042884987,0.059454191033138315,1.8,0.6,2.7,1.8,0.6,2.7,1.8
0,84,-0.9191007018089294,-0.4912940561771393,0.5311937269936731,39.285448495989954,0.809715925990051,0.16838186381901288,-0.16041056021690125,-0.9357270537516882,0.11261298106707995,-0.7433908683196089,25.000715255737305,-0.18629655241966248,2.8202295303344727,-0.6449792177125224,-0.3372319688109162,0.12475633528265107,0.16764132553606248,0.18615984405458086,-0.13157894736842102,0.034113060428849984,1.8,0.6,2.7,1.8,0.6,2.7,1.8
0,85,-1.168879747390747,-0.5609170198440552,0.33530193077668513,39.62075042676664,-0.8059784853023642,-0.5257166326237626,-0.9146218704152522,0.8449600817271687,0.3901704685701304,0.8189229240207307,0.782090425491333,-0.061117857694625854,5.465736985206604,0.015821588561787177,0.4970760233918128,0.11403508771929816,-0.06237816764132553,-0.4844054580896686,0.08674463937621835,-0.4434697855750487,1.8,0.6,2.7,1.8,0.6,2.7,1.8
0,86,-0.912169337272644,-0.4582788050174713,1.5648690596257415,41.18561948639238,-0.8939568132972422,0.9652547016875654,0.5164443456959786,0.07074137222449917,-0.48946528612202633,0.8283795798123956,-24.977904558181763,0.2134770154953003,-6.962296366691589,-0.3293961384466298,-0.5058479532163742,-0.3372319688109162,-0.5769980506822612,0.49317738791423005,0.22124756335282658,0.4922027290448343,1.8,0.6,2.7,1.8,0.6,2.7,1.8
0,87,-1.1573028564453125,-0.5741536021232605,0.28573685884925626,41.47135634524164,-0.7252592529230246,-0.4719984349025559,-0.723399393828444,-0.883118490706922,0.9891073189722139,-0.2803863980539141,25.671041011810303,-0.2208136022090912,10.263821482658386,-0.4373659819295475,-0.5448343079922027,0.5730994152046784,0.2894736842105263,0.026315789473684292,-0.3157894736842105,0.49122807017543857,1.8,0.6,2.7,1.8,0.6,2.7,1.8
0,88,-1.0965343713760376,-0.6217224597930908,0.38169173763346476,41.853048082875105,-0.466076549432481,0.2465760521305751,-0.622047477782111,0.019538920566456452,0.5998008522713352,-0.5396928270009813,-24.513351917266846,0.2482093870639801,-11.587479710578918,-0.4285262823014875,-0.4444444444444444,-0.27095516569200784,-0.4171539961013645,-0.5175438596491229,0.6198830409356726,-0.16764132553606237,1.8,0.6,2.7,1.8,0.6,2.7,1.8
0,89,-1.1154996156692505,-0.5976784229278564,0.22213987191569923,42.075187954790806,-0.944533890001201,-0.38324665193656604,0.942199505372139,-0.9751731577697051,0.24985175436011464,0.041093075411629876,6.07684850692749,-0.03901347517967224,-4.756885766983032,-0.8443013754258195,-0.2933723196881092,0.1393762183235867,-0.3957115009746589,0.0,0.3528265107212476,-0.334307992202729,1.8,0.6,2.7,1.8,0.6,2.7,1.8
0,90,-1.1723542213439941,-0.6021274924278259,0.2650055921100174,42.34019354690082,-0.6833007894594076,-0.9396744844658038,0.3400903445763668,-0.6083203758498088,-0.08551089567127468,-0.7999416900373162,-1.896524429321289,-0.002460181713104248,2.4044036865234375,-0.5557202561686015,-0.5847953216374269,-0.24561403508771928,0.5594541910331383,-0.6003898635477583,0.15302144249512661,0.020467836257309857,1.8,0.6,2.7,1.8,0.6,2.7,1.8
0,91,-1.0525438785552979,-0.6046237945556641,0.8876133961308196,43.22780694303164,0.4324092882352015,0.0690922764772286,0.30351474313787974,-0.6953871374648808,0.21854379589791595,-0.8376280787904813,-5.685460567474365,0.08997544646263123,-0.44490694999694824,-0.46998881577996515,-0.42105263157894735,-0.5653021442495128,0.22222222222222232,-0.36257309941520466,-0.04385964912280704,-0.4844054580896686,1.8,0.6,2.7,1.8,0.6,2.7,1.8
0,92,-1.0542024374008179,-0.582331120967865,0.2939869537895034,43.521793896821144,0.1874633480617589,0.7879528515072323,-0.7530021731232164,-0.5983151411089038,0.6703647679821696,0.5409112536637697,11.981034278869629,-0.12654662132263184,-0.24963021278381348,-0.42287663562532374,0.26608187134502925,0.03606237816764124,0.1734892787524367,-0.4307992202729045,0.12865497076023402,-0.5058479532163742,1.8,0.6,2.7,1.8,0.6,2.7,1.8
0,93,-1.0839394330978394,-0.6100339293479919,0.10455382861206225,43.626347725433206,-0.4741685695481048,0.680960290768664,-0.7828288063846571,-0.3685967494267015,0.6652025837746816,0.6295267921204728,-0.16585588455200195,-0.023452937602996826,2.2292673587799072,-0.4120260924209932,0.11013645224171542,0.48050682261208566,-0.4541910331384016,-0.3693957115009746,0.3957115009746588,0.32553606237816757,1.8,0.6,2.7,1.8,0.6,2.7,1.8
0,94,-1.136864423751831,-0.5920475721359253,0.25066546805655043,43.87701319348976,-0.8294517981661316,-0.8219622221869989,0.9256649903063123,-0.4135021936747809,0.45250760230864073,-0.7438606615659715,-2.9736995697021484,0.04011690616607666,-2.7702808380126953,-0.7908923427758755,-0.2933723196881092,0.4249512670565303,-0.4658869395711501,-0.23684210526315785,0.39668615984405453,0.36744639376218324,1.8,0.6,2.7,1.8,0.6,2.7,1.8
0,95,-0.9543416500091553,-0.39686182141304016,1.21830322581215,45.09531641930191,0.8775899604079345,0.8768952858763603,-0.11668289800820864,0.025359920556931925,0.831409770168315,0.7834912786100414,-5.295300483703613,0.03881528973579407,1.8009364604949951,-0.4986690638868992,-0.5146198830409356,-0.5146198830409356,0.5526315789473684,-0.2573099415204678,0.2641325536062378,-0.4600389863547758,1.8,0.6,2.7,1.8,0.6,2.7,1.8
0,96,-0.9291998147964478,-0.48241010308265686,0.4169749254103384,45.512291344712246,-0.1367834367277636,0.08618263975798124,0.10047297101816999,0.8720283672703222,0.8567606712769866,-0.4305916007205195,18.25507879257202,-0.26295632123947144,19.516274333000183,0.3889014276329022,0.5389863547758285,0.53411306042885,-0.08479532163742687,0.0,0.49025341130604283,0.4649122807017543,1.8,0.6,2.7,1.8,0.6,2.7,1.8
0,97,-0.9895241856575012,-0.5548385977745056,0.23369854320244993,45.745989887914696,0.04270183145870288,-0.326002190298883,-0.19391533646893944,0.6627536796916271,-0.8028632943233442,-0.3773400281995496,2.514183521270752,0.06516501307487488,-8.55482816696167,-0.4174685013063984,-0.08966861598440545,0.04483430799220267,0.04678362573099415,0.5194931773879143,0.5058479532163742,-0.267056530214425,1.8,0.6,2.7,1.8,0.6,2.7,1.8
0,98,-1.0296058654785156,-0.5852282047271729,0.22330859359040323,45.9692984815051,0.3545944732792763,-0.3841115703269449,-0.3299800369731236,-0.15782850035573515,0.21443793737403216,-0.04568434599967652,-6.032437086105347,0.060120224952697754,-7.2428494691848755,-0.5326029135951001,0.022417153996101336,-0.1793372319688109,-0.09161793372319693,0.4220272904483431,-0.45126705653021437,-0.232943469785575,1.8,0.6,2.7,1.8,0.6,2.7,1.8
0,99,-1.118324637413025,-0.5664424300193787,0.1830781855641846,46.152376667069284,-0.39824359869773485,-0.9648204082721421,0.19938808149660225,0.31939855848576837,0.2829787020336061,0.5773272710765596,-4.00816798210144,0.018603354692459106,-3.0389606952667236,-0.5533828128191935,0.2115009746588694,-0.2222222222222222,-0.18615984405458086,-0.10038986354775825,0.12670565302144254,-0.04385964912280704,1.8,0.6,2.7,1.8,0.6,2.7,1.8
0,100,-1.0016584396362305,-0.5465434193611145,0.9417664319131644,47.09414309898245,0.46341130572794564,0.47176161814149986,-0.7412550138677148,0.8320897918084813,-0.49396615818273193,0.05847105243674289,-8.871877193450928,0.08250921964645386,1.878577470779419,-0.6338436288716308,-0.2514619883040936,-0.594541910331384,0.11306042884990264,0.18518518518518512,0.16276803118908378,0.34307992202729043,1.8,0.6,2.7,1.8,0.6,2.7,1.8
0,101,-1.3461517095565796,-0.5426608324050903,0.36958138562278664,47.46372448460524,-0.4286127486348814,-0.7033572081531956,-0.6500792003439049,-0.6183501456737863,-0.9671971767230336,0.4887340775563631,11.666619777679443,-0.11020451784133911,1.989901065826416,-0.28312911394161555,0.2787524366471734,0.28167641325536064,-0.46393762183235865,0.50682261208577,-0.2962962962962963,0.040935672514619936,1.8,0.6,2.7,1.8,0.6,2.7,1.8
0,102,-1.190988540649414,-0.5998033881187439,0.9816482307923301,48.44537271539757,0.9761052179232366,-0.4244609546247837,-0.2160758138370784,-0.29194249182751864,0.599356792951216,-0.032314634624312166,-34.44932699203491,0.37068799138069153,0.388258695602417,-0.26083722875442666,-0.2592592592592593,-0.4249512670565302,-0.37816764132553604,-0.3538011695906432,-0.5623781676413255,0.3021442495126705,1.8,0.6,2.7,1.8,0.6,2.7,1.8
0,103,-1.2389538288116455,-0.5845181345939636,0.20813286236869205,48.65350557776626,-0.13428112071324816,-0.9900430903323547,-0.614512239647367,0.989170186102134,-0.8515213041366159,0.22317867184605755,15.516316890716553,-0.11989623308181763,-5.7142555713653564,-0.5883352274869951,0.5925925925925926,-0.27680311890838205,-0.16374269005847952,-0.20370370370370372,0.331384015594542,-0.031189083820662766,1.8,0.6,2.7,1.8,0.6,2.7,1.8
0,104,-1.0270674228668213,-0.5572035312652588,1.2553130497284832,49.908818627494746,-0.5348049315853844,0.7637134330246425,-0.30795182023921175,0.8076597017415599,-0.4506531941558374,-0.06524828367476432,-4.7965288162231445,0.0001601874828338623,1.5285253524780273,-0.5837342752626159,-0.09064327485380119,-0.5964912280701755,-0.3615984405458089,0.605263157894737,-0.5165692007797271,0.13742690058479523,1.8,0.6,2.7,1.8,0.6,2.7,1.8
0,105,-1.0188769102096558,-0.5554954409599304,0.4616961075992736,50.37051473509402,0.7314909322123577,-0.03481409754418863,-0.07711107716926069,-0.17188035825103953,0.17699774694017623,-0.9917536105687832,21.188640594482422,-0.21599605679512024,2.7314603328704834,-0.608237959991276,-0.3284600389863548,0.4571150097465886,-0.20955165692007793,0.47953216374269014,-0.2914230019493177,-0.03898635477582846,1.8,0.6,2.7,1.8,0.6,2.7,1.8
0,106,-1.111004114151001,-0.5793219208717346,0.28577691642788494,50.656291651521904,0.949151965412129,-0.9458830654611516,0.9063419799402512,-0.9785229519705654,-0.5060135101043919,-0.8635270270997422,0.8190512657165527,-0.023765116930007935,0.17080903053283691,-0.15851291137310802,0.4493177387914229,-0.010721247563352798,-0.04385964912280704,-0.08869395711500971,0.11403508771929816,-0.5994152046783625,1.8,0.6,2.7,1.8,0.6,2.7,1.8
0,107,-1.0930289030075073,-0.5987138748168945,0.24934700785968117,50.90563865938159,-0.9240553822622168,0.017283860480706847,0.27976031950518476,-0.18492101632561297,0.2182558631473399,0.2269189543878536,-9.212720394134521,0.13108029961585999,-2.38264799118042,-0.4284461671442301,0.5730994152046784,-0.5721247563352827,0.560428849902534,-0.5906432748538012,-0.3050682261208577,-0.5321637426900585,1.8,0.6,2.7,1.8,0.6,2.7,1.8
0,108,-0.9990141987800598,-0.5501096248626709,0.7519416967251874,51.65758035610678,0.012687333824010993,0.2943694429883461,-0.163546482388238,0.4771299542469567,0.8637203800831137,0.49488455313416235,1.7975211143493652,-0.03316625952720642,-1.9391953945159912,-0.6810580957155742,-0.5740740740740741,-0.0029239766081871066,0.15692007797270957,-0.11890838206627685,0.12962962962962954,0.1335282651072125,1.8,0.6,2.7,1.8,0.6,2.7,1.8
0,109,-1.159152626991272,-0.6113181710243225,0.054625024877559325,51.71220538098434,0.18157465351640156,-0.561407053367107,-0.6250726562514992,0.1333192913220167,0.8224830667049925,-0.08930378494297497,9.401470422744751,-0.09417980909347534,4.860424995422363,-0.43626364882410035,0.006822612085769952,0.165692007797271,-0.11793372319688111,0.2777777777777777,0.5165692007797271,0.28557504873294337,1.8,0.6,2.7,1.8,0.6,2.7,1.8
0,110,-1.1193702220916748,-0.6011272668838501,0.3653390328005872,52.07754441378492,0.424471084198933,-0.7124810613737229,-0.057922031596499,0.9021842179391883,-0.9738246923666718,-0.8896458923490231,-16.013842821121216,0.1986183226108551,-6.120854616165161,-0.8907499502448813,0.10428849902534121,-0.34113060428849906,-0.37231968810916183,0.08869395711500982,0.5058479532163742,-0.049707602339181256,1.8,0.6,2.7,1.8,0.6,2.7,1.8
0,111,-1.103003740310669,-0.6150261163711548,0.2970871331542753,52.3746315469392,0.31375838008557233,0.18707371709581988,-0.5373079615153218,0.7740739589130241,-0.6130643865750098,0.4931938389345314,3.978240489959717,-0.06265193223953247,1.0190904140472412,-0.6671459833947972,0.24366471734892792,-0.4385964912280702,-0.03411306042884987,0.5584795321637428,-0.5769980506822612,-0.5380116959064327,1.8,0.6,2.7,1.8,0.6,2.7,1.8
0,112,-1.0904232263565063,-0.6173045039176941,0.3135261026764345,52.68815764961563,0.43671353331643403,0.11654677264677393,-0.2445031626101828,-0.11902162555521167,0.4106550200564292,0.14236176676836299,1.636648178100586,-0.008502602577209473,-1.3898849487304688,-0.569490551501508,0.1871345029239766,0.10623781676413246,-0.33528265107212474,0.4678362573099415,-0.38693957115009747,0.29337231968810906,1.8,0.6,2.7,1.8,0.6,2.7,1.8
0,113,-0.9933602809906006,-0.27513599395751953,0.788658561141321,53.47681621075695,0.3970056983133805,0.7384637880002178,0.9458384276610334,0.6204172651236517,0.3545400651341888,-0.9136334354793247,1.2580513954162598,-0.0277787446975708,-0.22783875465393066,-0.498752934188757,0.2543859649122806,0.07017543859649122,-0.15886939571150094,-0.08187134502923976,0.2407407407407407,0.08479532163742687,1.8,0.6,2.7,1.8,0.6,2.7,1.8
0,114,-0.9551714658737183,-0.3915632665157318,0.6481807808004303,54.12499699155738,0.3236483697604753,-0.16321640442264185,0.5844742012225741,0.527215321691487,0.8302856376171313,0.94300424352935,9.706294536590576,-0.18047019839286804,34.216850996017456,0.3933123313764154,0.23879142300194922,0.44249512670565294,0.5653021442495128,0.36257309941520477,0.20175438596491224,-0.5623781676413255,1.8,0.6,2.7,1.8,0.6,2.7,1.8
0,115,-1.0442661046981812,-0.5009726285934448,0.05821857841022904,54.18321556996761,-0.833795692370398,-0.5414331925007916,0.5899744378815566,0.6750510850641553,-0.023368646729176268,0.030967414132927917,3.8188815116882324,-0.055161863565444946,-11.642727255821228,-0.08552658956796255,0.19590643274853803,-0.1042884990253411,0.36549707602339176,0.31968810916179335,0.4941520467836258,0.5662768031189085,1.8,0.6,2.7,1.8,0.6,2.7,1.8
0,116,-1.107382893562317,-0.5956668853759766,0.2562569074857622,54.43947247745337,0.5124178839106179,-0.2975861336143213,-0.020782857779761743,-0.8473700877910102,0.09652200980253345,0.20733030104274697,-8.909463882446289,0.14042407274246216,-10.940936207771301,-0.8835628431795419,-0.5175438596491229,-0.3255360623781677,0.3664717348927875,0.41910331384015587,-0.01949317738791423,0.01754385964912286,1.8,0.6,2.7,1.8,0.6,2.7,1.8
0,117,-1.0082939863204956,-0.4395667314529419,0.7919047002256239,55.23137717767899,-0.7477869185644108,0.7095524742002,0.8284197244871987,-0.1082196555124102,0.09570325366546117,0.809909967339498,-6.311678886413574,0.11294782161712646,-9.469425678253174,-0.4874861850284756,0.31676413255360614,-0.1734892787524367,0.01754385964912286,-0.4649122807017544,0.0721247563352827,0.12475633528265107,1.8,0.6,2.7,1.8,0.6,2.7,1.8
0,118,-1.1614431142807007,-0.5870789289474487,0.11908974215042661,55.35046691982942,-0.42401469555434357,-0.8162768842280357,0.5459721684157279,0.3983271329773199,-0.9126441401077243,-0.31213136620273607,9.908890724182129,-0.15878677368164062,15.610015392303467,-0.4070796719669652,-0.46101364522417154,0.4307992202729045,0.4941520467836258,-0.07115009746588696,0.04483430799220267,0.4785575048732944,1.8,0.6,2.7,1.8,0.6,2.7,1.8
0,119,-1.1466370820999146,-0.6168004870414734,0.38403312000184264,55.73450003983127,0.7237301312566493,0.06092842797039921,-0.02908572341898341,-0.2733411758831161,-0.7386627006254374,0.4479339429672309,-15.314912796020508,0.21509304642677307,-14.751219749450684,-0.7618205156991468,-0.2641325536062378,-0.49317738791423005,0.3391812865497077,0.24951267056530213,-0.543859649122807,-0.1871345029239766,1.8,0.6,2.7,1.8,0.6,2.7,1.8
0,120,-1.2554463148117065,-0.6156301498413086,0.1254495782187125,55.85994961804998,0.7254956710569713,-0.5930605053454476,-0.7757714728881868,0.9748474361061561,-0.9166934479674775,-0.6509084591722083,1.4806032180786133,0.0021949410438537598,-2.972155809402466,-0.379994081804176,0.44249512670565294,0.033138401559454245,-0.01949317738791423,-0.16471734892787526,-0.4522417153996101,0.26803118908382073,1.8,0.6,2.7,1.8,0.6,2.7,1.8
0,121,-1.2114243507385254,-0.6281101703643799,0.2971442723482784,56.15709389039826,0.08058945298587195,-0.5115322591834777,0.9547593454929084,-0.7825281341357571,0.3128211812022832,-0.5074264218973208,-10.8809232711792,0.10607093572616577,0.11703372001647949,-0.749100843562575,0.4337231968810915,-0.3615984405458089,-0.46881091617933723,0.5906432748538011,-0.5477582846003899,-0.39668615984405453,1.8,0.6,2.7,1.8,0.6,2.7,1.8
0,122,-1.310847520828247,-0.5890873074531555,0.4032450787864842,56.56033896918474,-0.9849562489675214,-0.8092737672894483,-0.21913281270908236,0.3256645653048684,-0.16432570540092128,-0.5347408695119829,4.402196407318115,-0.0294417142868042,-1.248002052307129,-0.8459310960352547,0.0399610136452242,-0.3265107212475633,0.564327485380117,-0.4980506822612085,0.18518518518518512,-0.32456140350877194,1.8,0.6,2.7,1.8,0.6,2.7,1.8
0,123,-1.1899687051773071,-0.5986191034317017,0.8729197711719076,57.43325874035665,0.20935072423670076,0.9067134377706105,-0.479792708549579,-0.018934544149550314,-0.8068023710469783,-0.19569035000185764,-9.942317008972168,0.0666402280330658,3.9022862911224365,-0.19350984242703156,-0.6120857699805069,-0.4873294346978557,-0.12962962962962965,0.19980506822612076,-0.10623781676413258,-0.3362573099415205,1.8,0.6,2.7,1.8,0.6,2.7,1.8
0,124,-1.1508722305297852,-0.6217990517616272,0.43332237437103127,57.86658111472768,0.2930116735180721,0.35257906253178595,0.05608847597385269,-0.05859449829153052,0.17825924746681787,-0.09192671171034328,12.087881565093994,-0.09108558297157288,-0.9531795978546143,-0.46294861416558425,0.13060428849902528,0.5467836257309941,-0.29824561403508776,-0.01949317738791423,-0.48830409356725146,-0.1306042884990254,1.8,0.6,2.7,1.8,0.6,2.7,1.8
0,125,-1.4301838874816895,-0.5679097175598145,0.22637702598764314,58.092958140715325,0.3850677250649279,-0.8473778039612294,-0.6268535935283843,-0.11671649110022875,-0.2303795982489829,-0.8354524855491927,3.9096474647521973,-0.019481033086776733,-2.3179948329925537,-0.5243199977331572,0.168615984405458,0.20467836257309946,0.003898635477582957,-0.05750487329434695,0.09746588693957126,-0.0721247563352827,1.8,0.6,2.7,1.8,0.6,2.7,1.8
0,126,-1.3696768283843994,-0.6211049556732178,0.48690517045556747,58.57986331117089,-0.04933752880954101,-0.33160533328636443,-0.5873153740673047,0.49346029515972556,-0.05886882166007901,-0.9922938472629377,-27.93116569519043,0.2974897623062134,5.388933420181274,-0.5472459480247137,0.22417153996101358,-0.5233918128654971,-0.3771929824561403,-0.06530214424951264,-0.13547758284600386,-0.5019493177387915,1.8,0.6,2.7,1.8,0.6,2.7,1.8
0,127,-1.1439666748046875,-0.5448695421218872,1.5990836175841134,60.178946928755,0.9397251940376583,0.5866367210594567,-0.9148154659125591,0.8000032571688653,0.34457388632411456,0.1825026444711344,6.050705909729004,-0.05528107285499573,-5.319523811340332,-0.6312602500617654,-0.03411306042884987,-0.21442495126705652,-0.3762183235867447,0.2777777777777777,-0.052631578947368474,-0.6101364522417154,1.8,0.6,2.7,1.8,0.6,2.7,1.8
0,128,-1.3512042760849,-0.6156014204025269,0.09788209596413788,60.27682902471914,0.6886589017521305,-0.30488831103828407,-0.5622936755426382,-0.4801829875017205,-0.8179291012352663,0.9136638500484728,22.57101535797119,-0.32756105065345764,7.623541355133057,-0.058934300628892385,0.5750487329434697,0.3557504873294346,-0.5730994152046784,0.4707602339181287,0.19590643274853803,0.10428849902534121,1.8,0.6,2.7,1.8,0.6,2.7,1.8
0,129,-1.1735278367996216,-0.592436671257019,0.9638113838640542,61.2406404085832,-0.9183034108561101,0.39388465261189576,0.6458253706344006,-0.16804162400150635,0.8263001211284846,-0.08412751246404793,-20.72376012802124,0.32398179173469543,-7.073187828063965,-0.8042358080717242,0.41910331384015587,-0.17738791423001954,-0.3255360623781677,-0.2884990253411306,-0.48830409356725146,0.5516569200779726,1.8,0.6,2.7,1.8,0.6,2.7,1.8
0,130,-1.1259979009628296,-0.5362415909767151,0.6202907931059336,61.86093120168913,0.35456183798767205,0.6725525756102353,0.28523166257732613,-0.9000738632695717,-0.5535729330654278,-0.562527663117635,17.767643928527832,-0.26032552123069763,2.3164749145507812,-0.8491416251246748,-0.5730994152046784,0.2134502923976609,0.34113060428849895,-0.14035087719298245,0.44541910331384016,-0.06237816764132553,1.8,0.6,2.7,1.8,0.6,2.7,1.8
0,131,-1.2018651962280273,-0.6048765182495117,0.16065102116320218,62.02158222285233,0.49210539598661684,-0.7763587852845057,0.8510539321414714,-0.7575186487849006,-0.23336864952098457,-0.8307523344186654,4.752993583679199,-0.09693428874015808,5.6195080280303955,-0.2347177721560527,0.21637426900584789,0.4200779727095516,0.18226120857699812,-0.5399610136452242,-0.33528265107212474,-0.33235867446393763,1.8,0.6,2.7,1.8,0.6,2.7,1.8
0,132,-1.2005873918533325,-0.6173442006111145,0.12218825836297648,62.143770481215306,-0.4607051349973199,-0.017370918757965814,-0.3455643243974411,0.5460651603352638,0.9750249043223402,-0.5865915953497853,-7.586729526519775,0.12973174452781677,-6.863492727279663,-0.6786979576735956,0.29337231968810906,-0.47465886939571145,0.5253411306042886,-0.4658869395711501,-0.15984405458089668,-0.5107212475633529,1.8,0.6,2.7,1.8,0.6,2.7,1.8
0,133,-1.3665475845336914,-0.6063799858093262,0.12795986151655364,62.27173034273186,0.2377068926592183,-0.2599274785873711,-0.9099025121600621,-0.4646103716336336,-0.8710244624451624,0.3701306538974434,0.12778043746948242,0.02366378903388977,-1.2467682361602783,-0.7684015270209953,-0.29532163742690054,-0.016569200779727122,-0.23196881091617938,0.3177387914230019,0.5886939571150098,-0.37524366471734893,1.8,0.6,2.7,1.8,0.6,2.7,1.8
0,134,-1.1284356117248535,-0.5505025386810303,1.5620792887914783,63.83380963152334,0.16519698976718167,0.9955765745355241,0.2225698631640598,-0.6422118876229104,-0.1145294471876579,-0.8360670706538951,-16.59601926803589,0.2004384994506836,1.096421480178833,-0.7440802769668927,0.14522417153996092,-0.1442495126705653,-0.5194931773879142,-0.26120857699805067,-0.4278752436647173,0.230019493177388,1.8,0.6,2.7,1.8,0.6,2.7,1.8
0,135,-1.2364778518676758,-0.6172928810119629,0.06839422269596551,63.9022038542193,0.38610885947695217,-0.967262457038851,-0.5333216810899009,0.6074933351492164,0.17996715451422562,-0.6839038935218149,23.81119728088379,-0.3411538898944855,5.58774471282959,-0.25696115050542234,0.10038986354775825,0.5974658869395713,0.12475633528265107,-0.41033138401559455,-0.08869395711500971,-0.5194931773879142,1.8,0.6,2.7,1.8,0.6,2.7,1.8
0,136,-1.168357253074646,-0.6224271059036255,0.4238237085223792,64.32602756274169,-0.7239470683904285,0.5260211593571527,-0.4819762912083574,0.6660270452190236,-0.1252870104726731,0.8821246797690219,-10.804224014282227,0.1716122031211853,-6.679034233093262,-0.863211554608069,0.2348927875243665,-0.53411306042885,-0.317738791423002,0.3723196881091617,0.09551656920077978,-0.43469785575048736,1.8,0.6,2.7,1.8,0.6,2.7,1.8
0,137,-1.1286027431488037,-0.5829220414161682,0.2970915549520646,64.62311911769375,-0.9009248182195524,0.647796921750593,0.4353798259242414,-0.9840330347772921,-0.3941919463860857,0.17486025854233178,6.8120598793029785,-0.06814897060394287,-0.5134224891662598,-0.8335585708855394,-0.4551656920077972,0.30409356725146197,-0.3079922027290448,0.39181286549707606,-0.08576998050682261,0.5263157894736843,1.8,0.6,2.7,1.8,0.6,2.7,1.8
0,138,-1.06349515914917,-0.5249143242835999,0.49098184818682555,65.11410096588057,-0.9195509681206697,0.6141551106298231,0.5934122515001592,0.396972601894404,-0.0210988217385355,0.6774124079449182,3.9754509925842285,-0.06435737013816833,3.9505064487457275,-0.8033619893542937,-0.5516569200779727,0.3957115009746588,0.27680311890838216,-0.5789473684210527,-0.2241715399610137,0.10916179337231968,1.8,0.6,2.7,1.8,0.6,2.7,1.8
0,139,-1.0412951707839966,-0.5058817267417908,0.44698284914126823,65.56108381502183,-0.1593634345895969,0.7698036213847455,-0.44172286468212607,0.9967103859795192,0.40341074416405465,-0.39474918015306115,6.510758399963379,-0.11889412999153137,5.800771713256836,-0.6691121436226868,-0.571150097465887,0.3693957115009747,0.34307992202729043,0.22612085769980506,-0.030214424951267027,0.3957115009746588,1.8,0.6,2.7,1.8,0.6,2.7,1.8
0,140,-1.0375285148620605,-0.4407433867454529,0.48277901244300025,66.04386282746484,0.2683713832454706,0.7984050839200945,0.6287946052263829,-0.7979318479972342,0.35274490298549965,0.5075825242165808,2.219998836517334,-0.03031715750694275,1.9032597541809082,-0.32803418536919693,-0.10136452241715399,0.45614035087719307,-0.2729044834307992,0.5935672514619883,0.2348927875243665,-0.24366471734892792,1.8,0.6,2.7,1.8,0.6,2.7,1.8
0,141,-1.0380460023880005,-0.5058228373527527,0.4628256629542849,66.50668849041912,0.6809387685406798,-0.16049533293546459,0.9063279945163207,-0.6740462404123386,0.6524192023444002,0.8524715678228052,0.3766655921936035,-0.05220547318458557,6.513833999633789,0.07210853433335981,0.16179337231968804,0.4834307992202729,0.3927875243664718,-0.47953216374269003,0.2192982456140351,0.3128654970760234,1.8,0.6,2.7,1.8,0.6,2.7,1.8
0,142,-1.159796953201294,-0.6145858764648438,0.16375912443891927,66.67044761485805,-0.2828072406694968,0.719760357318562,-0.8376958270009907,-0.15141570914871583,-0.9109741403097593,0.4294764151005803,-0.05174875259399414,0.027991831302642822,-6.5079450607299805,-0.07434867409143021,0.4113060428849902,-0.09746588693957114,0.5545808966861598,-0.41520467836257313,0.38693957115009736,0.5058479532163742,1.8,0.6,2.7,1.8,0.6,2.7,1.8
0,143,-1.0934364795684814,-0.5391514301300049,0.8302067119314095,67.50065432678946,0.9012245022810332,-0.02425855755869466,0.2900648497131393,0.8206990780333234,-0.13412733393773446,0.49330815875489953,-12.175095081329346,0.2508506178855896,-10.876303911209106,-0.6724817511221615,-0.17251461988304095,0.45126705653021437,-0.39181286549707606,-0.07309941520467833,-0.5214424951267056,0.269980506822612,1.8,0.6,2.7,1.8,0.6,2.7,1.8
0,144,-1.3040295839309692,-0.6125938296318054,0.2564117698167085,67.75706609660617,-0.5945636198660191,-0.36063576699592126,-0.8630120999883932,0.2813615660901445,0.8276305145407494,0.9926731064633745,6.63604736328125,-0.21496042609214783,7.543444633483887,-0.003191312465305992,0.5467836257309941,-0.02631578947368418,0.16471734892787526,0.48245614035087714,-0.09551656920077978,0.2807017543859649,1.8,0.6,2.7,1.8,0.6,2.7,1.8
0,145,-1.214339017868042,-0.6035627126693726,0.8441483412336678,68.60121443783983,0.9603775943506885,0.5346212781916797,-0.778123998729902,-0.34225306191220883,0.7870494783364976,0.2960940718664613,-21.05931043624878,0.3521852195262909,-7.344239950180054,-0.487176460366583,-0.37816764132553604,-0.2115009746588694,-0.5175438596491229,0.18908382066276808,0.5136452241715399,0.5974658869395713,1.8,0.6,2.7,1.8,0.6,2.7,1.8
0,146,-1.3091251850128174,-0.6623086929321289,0.1910792976530169,68.79229373549285,-0.3613759035977524,-0.46504286649855064,-0.07958686654169811,-0.3084345334812275,0.09678793608652159,-0.11831455797470136,8.969056606292725,-0.06284713745117188,0.9031116962432861,-0.20860897816193685,0.5935672514619883,0.32261208576998057,-0.47953216374269003,-0.21734892787524362,0.46686159844054576,0.16959064327485374,1.8,0.6,2.7,1.8,0.6,2.7,1.8
0,147,-1.3072562217712402,-0.6461000442504883,0.21696332023855336,69.0092570557314,-0.8273803472089365,0.5701709453145196,-0.4799530990942875,-0.6066471046304078,0.985691219832342,0.23141897716363635,-9.478616714477539,0.13680681586265564,-5.874598026275635,-0.6178414046939662,-0.23196881091617938,-0.27972709551656916,-0.040935672514619936,-0.1900584795321637,0.0584795321637428,-0.06920077972709548,1.8,0.6,2.7,1.8,0.6,2.7,1.8
0,148,-1.2435582876205444,-0.625271201133728,0.44840061409251186,69.4576576698239,-0.36137591562166826,-0.7098148918105376,0.4211491995752903,0.9479668554775276,0.34757689855176244,-0.28129321804081053,0.18689632415771484,-0.030998140573501587,1.6208648681640625,-0.5847629919386648,-0.5087719298245614,0.33820662768031196,-0.29824561403508776,-0.3742690058479532,0.5925925925925926,0.1257309941520468,1.8,0.6,2.7,1.8,0.6,2.7,1.8
0,149,-1.1504735946655273,-0.5876452326774597,0.582690886993326,70.04034855681722,-0.8261987971499833,0.1428102186044231,0.9675252995397057,-0.4445222577963661,0.2929304757196638,-0.10654001361229892,6.36979341506958,-0.13323426246643066,2.0828843116760254,-0.7401781133219343,-0.232943469785575,-0.44834307992202727,0.22904483430799227,0.5477582846003899,0.18908382066276808,-0.1793372319688109,1.8,0.6,2.7,1.8,0.6,2.7,1.8
0,150,-1.3093645572662354,-0.6897860169410706,0.104148093660489,70.1444966504777,-0.5044192458675838,0.6347243385672416,-0.6364774794352488,-0.10237735279083249,-0.3057446930518304,0.40737903442030565,9.308469295501709,-0.09690821170806885,3.762596845626831,-0.7654651555635188,-0.5077972709551657,0.09064327485380108,0.5925925925925926,-0.27192982456140347,0.18323586744639386,-0.07115009746588696,1.8,0.6,2.7,1.8,0.6,2.7,1.8
