Episode,Timestep,X_Position,Y_Position,Rewards,Cumulative_Rewards,Motor1_Action,Motor2_Action,Motor3_Action,Motor4_Action,Motor5_Action,Motor6_Action,X_State,Y_State,Z_State,Y_Heading,Motor1_Pos,Motor2_Pos,Motor3_Pos,Motor4_Pos,Motor5_Pos,Motor6_Pos,Plate1,Plate2,Plate3,Plate4,Plate5,Plate6,Plate7
0,0,-0.0010544101241976023,0.09548790752887726,0.38953527364088747,0.38953527364088747,-0.25787731669352576,-0.012224530602032768,-0.3946846046309913,0.8448352632454366,-0.8552395208969601,0.8860122885628143,0.08811875595711172,0.0,0.0,0.0,0.004873294346978474,0.023391812865497075,0.003898635477582957,-0.0029239766081871066,0.003898635477582957,0.0019493177387914784,1.8,0.6,2.7,1.8,0.6,2.7,1.8
0,1,-0.013745170086622238,0.07810447365045547,0.2400239138087309,0.6295591874496184,-0.907068659261328,0.26209255942690746,-0.5770579979017949,0.13197994180791084,0.1310477684987843,-0.18342860191020538,-0.10544101241976023,6.985047459602356,9.548790752887726,-0.1330074843015344,-0.1549707602339181,-0.003898635477582846,-0.2378167641325536,0.5107212475633529,-0.5116959064327485,0.5360623781676412,1.8,0.6,2.7,1.8,0.6,2.7,1.8
0,2,-0.024597829207777977,0.09466177970170975,0.414944340018577,1.0445035274681953,0.9682697307016279,-0.3352328942983982,-0.3167525296464484,0.21062368880409688,0.9319261557106955,0.43849660462427464,-1.3745170086622238,0.05239322781562805,-1.7383433878421783,-0.27556908248097584,-0.5555555555555556,0.15594541910331383,-0.34892787524366475,0.0721247563352827,0.07407407407407418,-0.11306042884990253,1.8,0.6,2.7,1.8,0.6,2.7,1.8
0,3,-0.028432859107851982,0.04032321274280548,0.3066612607825139,1.3511647882507092,0.06393076998766745,-0.9894096450827343,-0.06546604466874384,-0.8494264126521238,-0.4523580869224184,-0.02396986583548122,-2.4597829207777977,-0.019281357526779175,1.6557306051254272,0.09487790205844739,0.5906432748538011,-0.2085769980506823,-0.19395711500974655,0.12183235867446385,0.5721247563352827,0.2621832358674463,1.8,0.6,2.7,1.8,0.6,2.7,1.8
0,4,-0.03309359401464462,0.139466792345047,0.4958885929045831,1.8470533811552923,-0.2990695855129293,0.9438539723099695,-0.45953889059371145,0.8045687080177386,-0.6867003756629129,-0.6709599577925185,-2.843285910785198,-0.09423941373825073,-5.433856695890427,-0.2011589077155179,0.03508771929824572,-0.594541910331384,-0.042884990253411304,-0.5243664717348928,-0.2748538011695907,-0.011695906432748537,1.8,0.6,2.7,1.8,0.6,2.7,1.8
0,5,-0.030030887573957443,0.13767926394939423,0.4453499208317572,2.2924033019870493,0.4333191654904842,-0.7338225327269177,0.8892882219438818,0.2505291725117733,0.06555893361698306,0.07709431335714712,-3.3093594014644623,0.12976452708244324,9.914357960224152,-0.009524141561207955,-0.1949317738791423,0.560428849902534,-0.2933723196881092,0.4922027290448343,-0.4093567251461988,-0.40838206627680307,1.8,0.6,2.7,1.8,0.6,2.7,1.8
0,6,-0.0450696237385273,0.160658597946167,0.25650835523693843,2.5489116572239876,0.9220472843504537,0.08806845841000577,-0.15379340771774896,0.2639752523542147,-0.19729741480515406,-0.7517691932806561,-3.0030887573957443,-0.033661723136901855,-0.1787528395652771,0.06164164756381515,0.2651072124756335,-0.45126705653021437,0.5380116959064327,0.14814814814814814,0.03606237816764124,0.042884990253411415,1.8,0.6,2.7,1.8,0.6,2.7,1.8
0,7,-0.058367375284433365,0.16386671364307404,0.2243123093953678,2.7732239666193554,0.83578619034568,0.6286009742498615,-0.6150739139924009,0.6256476239913811,-0.20983051619634918,0.5288582052759099,-4.50696237385273,-0.012496858835220337,2.2979333996772766,0.24284546151651432,0.5545808966861598,0.04970760233918137,-0.09746588693957114,0.15692007797270957,-0.115009746588694,-0.45808966861598444,1.8,0.6,2.7,1.8,0.6,2.7,1.8
0,8,-0.028357261791825294,0.09307082742452621,0.388787947837116,3.1620119144564716,-0.019796790894833993,-0.748388658640728,0.7421766008052406,-0.049261049732692186,0.9657230083650801,-0.7498635100124282,-5.8367375284433365,0.043192505836486816,0.32081156969070435,0.2685230646664113,0.5058479532163742,0.37524366471734893,-0.3742690058479532,0.3771929824561404,-0.13255360623781676,0.3187134502923976,1.8,0.6,2.7,1.8,0.6,2.7,1.8
0,9,-0.013831134885549545,0.1066804826259613,0.4701200252878802,3.632131939744352,-0.021649355830764216,0.04932368789859032,-0.3907322533600268,-0.8461705776176798,0.8097123361993661,0.6279304632386196,-2.8357261791825294,-0.045496225357055664,-7.079588621854782,-0.11907150099004488,-0.016569200779727122,-0.4600389863547758,0.4483430799220274,-0.03411306042884987,0.5789473684210527,-0.4619883040935673,1.8,0.6,2.7,1.8,0.6,2.7,1.8
0,10,-0.02948092296719551,0.09889496862888336,0.4792631803709889,4.111395120115341,0.4818935962745583,-0.1429083251757639,-0.923153867473931,-0.8181477105803452,-0.10142567931163438,-0.49094243078742705,-1.3831134885549545,-0.003390014171600342,1.360965520143509,-0.04542664245884427,-0.01754385964912286,0.029239766081871288,-0.2378167641325536,-0.52046783625731,0.48732943469785583,0.37914230019493167,1.8,0.6,2.7,1.8,0.6,2.7,1.8
0,11,-0.030223101377487183,0.14796200394630432,0.4895346590692784,4.600929779184619,-0.21674540455394276,0.7030631323392351,-0.4507741764853299,0.6346560559423586,0.18469859208746864,0.5223616465347836,-2.948092296719551,0.014485418796539307,-0.7785513997077942,0.028013178852103394,0.2884990253411306,-0.0828460038986355,-0.5555555555555556,-0.5038986354775828,-0.07017543859649122,-0.3050682261208577,1.8,0.6,2.7,1.8,0.6,2.7,1.8
0,12,-0.03188431262969971,0.13090510666370392,0.4222996899156636,5.023229469100283,-0.6202330661583588,0.7306605551264762,-0.6793271573655437,0.23027036908146137,0.08031637891014731,-0.041668728714066905,-3.0223101377487183,0.03529861569404602,4.906703531742096,0.01735746662938153,-0.1364522417153996,0.4230019493177388,-0.2865497076023392,0.38693957115009736,0.10136452241715399,0.31384015594541914,1.8,0.6,2.7,1.8,0.6,2.7,1.8
0,13,-0.018995750695466995,0.10646774619817734,0.39680460529438344,5.420034074394666,-0.19883882732180735,-0.4540676352440012,0.09031255179135567,0.7865210530384377,-0.15981702215062676,-0.05099524972043823,-3.1884312629699707,-0.0032767653465270996,-1.7056897282600403,-0.08373498869832727,-0.3791423001949318,0.4415204678362572,-0.4064327485380117,0.1364522417153997,0.05653021442495132,-0.025341130604288553,1.8,0.6,2.7,1.8,0.6,2.7,1.8
0,14,-0.021268069744110107,0.1221233606338501,0.48807240054136525,5.908106474936031,0.2520679890323103,0.32004749950723976,-0.6023741585963378,0.6200194102589838,0.5043345921475231,-0.0470630173410711,-1.8995750695466995,-0.04493594169616699,-2.443736046552658,-0.11597691271658543,-0.11988304093567248,-0.27387914230019494,0.0584795321637428,0.4756335282651072,-0.09551656920077978,-0.025341130604288553,1.8,0.6,2.7,1.8,0.6,2.7,1.8
0,15,-0.06590986996889114,-0.0049037327989935875,0.050699479582715645,5.958805954518747,-0.8192402192187105,-0.3540489015917794,-0.6147545353310555,0.46753168572819637,0.6430263629474258,-0.7916634493909982,-2.1268069744110107,0.022780150175094604,1.565561443567276,0.023503775621227716,0.14522417153996092,0.19103313840155955,-0.37037037037037035,0.3742690058479532,0.2992202729044835,-0.041910331384015564,1.8,0.6,2.7,1.8,0.6,2.7,1.8
0,16,-0.045179642736911774,0.005162086337804794,0.23099377996370965,6.189799734482456,-0.11228771231770818,-0.5841525179337053,-0.5547703474274199,0.657329377043359,0.20418172480178187,-0.10777239854695808,-6.590986996889114,3.725290298461914e-06,-12.702709343284369,-0.43853381260208707,-0.5058479532163742,-0.22027290448343084,-0.3693957115009746,0.2807017543859649,0.3801169590643274,-0.48245614035087714,1.8,0.6,2.7,1.8,0.6,2.7,1.8
0,17,-0.05140777677297592,0.002954490017145872,0.17269732091671686,6.362497055399173,-0.4154167346184743,-0.6662680677983295,0.0028252923124012508,-0.6101545820461984,-0.915633894105649,-0.21938412725305612,-4.517964273691177,-0.007316470146179199,1.0065819136798382,-0.2683052125616137,-0.07602339181286555,-0.3576998050682261,-0.3508771929824561,0.39668615984405453,0.12475633528265107,-0.07699805068226118,1.8,0.6,2.7,1.8,0.6,2.7,1.8
0,18,-0.061432357877492905,0.1630232185125351,0.36724927882587755,6.72974633422505,-0.0652968610263105,0.6503322594498582,0.5996012937250161,-0.3886663795936476,-0.5178698932023871,0.46338015934181676,-5.140777677297592,-0.04132986068725586,-0.22075963206589222,-0.3235225531717854,-0.2543859649122807,-0.4113060428849903,-0.0029239766081871066,-0.3791423001949318,-0.5516569200779727,-0.12183235867446396,1.8,0.6,2.7,1.8,0.6,2.7,1.8
0,19,-0.025802131742239,0.07744736224412918,0.3968707482159992,7.126617082441049,-0.31899431814166523,0.21900458517632204,-0.8550367996917505,0.07121173609290543,0.06095324509884392,-0.4924099353368421,-6.1432357877492905,0.08066818118095398,16.006872849538922,0.12411414913718756,-0.04385964912280704,0.39668615984405453,0.3547758284600391,-0.24171539961013644,-0.3206627680311891,0.2777777777777777,1.8,0.6,2.7,1.8,0.6,2.7,1.8
0,20,-0.025521619245409966,0.0793454572558403,0.37394248274501696,7.500559565186066,-0.3510382451243934,0.21529597102586084,0.05798877887418463,-0.750294849024757,-0.5327934719670586,-0.9060917122346719,-2.5802131742239,-0.02906322479248047,-8.557585626840591,-0.11232072024553443,-0.19103313840155944,0.13840155945419097,-0.5165692007797271,0.03898635477582846,0.033138401559454245,-0.3021442495126706,1.8,0.6,2.7,1.8,0.6,2.7,1.8
0,21,-0.08042462170124054,0.15521180629730225,0.20104695916597282,7.701606524352039,0.8568081264278598,-0.04460573419776526,0.8220176630320557,-0.00048450181123849134,-0.9849405505262858,-0.5230745069615903,-2.5521619245409966,0.01876354217529297,0.18980950117111206,-0.13539573922107592,-0.22027290448343084,0.11890838206627685,0.025341130604288553,-0.4619883040935673,-0.32261208576998046,-0.5477582846003899,1.8,0.6,2.7,1.8,0.6,2.7,1.8
0,22,-0.06412757933139801,0.1626187115907669,0.32474084798750225,8.026347372339542,0.136051013299066,0.5139687320451152,0.39973770023392863,-0.5401636737925826,0.5377826067221094,-0.49229713524505114,-8.042462170124054,-0.02961978316307068,7.5866349041461945,0.28144273931121594,0.5263157894736843,-0.031189083820662766,0.4892787524366471,-0.004873294346978585,-0.5838206627680311,-0.3255360623781677,1.8,0.6,2.7,1.8,0.6,2.7,1.8
0,23,-0.06056363135576248,0.13610759377479553,0.2631512971047232,8.289498669444265,0.7648254600550237,0.45098864631542646,-0.7195641349206594,0.8859863328857756,0.7759519786763567,0.6872684047134396,-6.412757933139801,0.029098987579345703,0.7406905293464661,0.16533749727433755,0.07894736842105265,0.3099415204678362,0.2456140350877194,-0.334307992202729,0.31968810916179335,-0.3157894736842105,1.8,0.6,2.7,1.8,0.6,2.7,1.8
0,24,-0.06413378566503525,0.1560298055410385,0.45342012420012456,8.74291879364439,-0.4320223354718562,0.9439571193027496,0.21151354391310373,0.8901699594275307,-0.8535632981314039,0.980093128131537,-6.056363135576248,-0.01767575740814209,-2.6511117815971375,0.22862818870831694,0.46588693957115,0.2777777777777777,-0.43762183235867447,0.5380116959064327,0.46101364522417154,0.41520467836257313,1.8,0.6,2.7,1.8,0.6,2.7,1.8
0,25,-0.08468254655599594,-0.05359051376581192,0.13640971166786697,8.879328505312257,-0.12513509591326288,-0.9423571623960474,-0.8898791900400016,-0.15639905742297344,0.6173715780743558,-0.5247357712216507,-6.413378566503525,0.021556764841079712,1.992221176624298,0.03665527186052518,-0.26900584795321636,0.5623781676413255,0.12378167641325533,0.5389863547758285,-0.5165692007797271,0.5896686159844056,1.8,0.6,2.7,1.8,0.6,2.7,1.8
0,26,-0.038677968084812164,0.021520543843507767,0.4466837731968396,9.326012278509097,0.4567845812341378,0.18826474218145317,-0.5435847153964519,-0.3202962743593003,-0.8543456457002572,-0.80805372709708,-8.468254655599594,-0.0031173229217529297,-20.962031930685043,-0.34414772080215056,-0.07894736842105265,-0.5419103313840157,-0.5282651072124757,-0.09941520467836262,0.37329434697855746,-0.3235867446393762,1.8,0.6,2.7,1.8,0.6,2.7,1.8
0,27,-0.02577102743089199,0.033929575234651566,0.49873227910875045,9.824744557617848,0.2704008740971975,-0.014689212565731857,0.7865188071792462,0.8662184528767378,-0.6116729594797097,0.1375641527849858,-3.8677968084812164,-0.04619508981704712,7.511105760931969,0.05588113282815531,0.2748538011695907,0.11988304093567259,-0.33528265107212474,-0.19980506822612087,-0.5155945419103314,-0.48538011695906436,1.8,0.6,2.7,1.8,0.6,2.7,1.8
0,28,-0.14352284371852875,-0.15759165585041046,0.15539717983542134,9.98014173745327,0.5906908721959343,-0.9814893473009481,-0.9615250873592556,-0.519201093907397,-0.7211345082524934,0.015214189024051139,-2.577102743089199,0.005882233381271362,1.2409031391143799,0.010475456876678082,0.1578947368421053,-0.013645224171540016,0.469785575048733,0.5243664717348928,-0.3791423001949318,0.0799220272904484,1.8,0.6,2.7,1.8,0.6,2.7,1.8
0,29,-0.05949031934142113,-0.12254662066698074,0.1609289449198851,10.141070682373154,-0.5437409271957667,0.4762553268491214,-0.8400519318464348,0.3576206911313444,0.18105331244397171,-0.22858942512013547,-14.352284371852875,0.036538392305374146,-19.152123108506203,-0.30046126177037424,0.35380116959064334,-0.594541910331384,-0.5808966861598441,-0.3235867446393762,-0.42884990253411304,0.013645224171539905,1.8,0.6,2.7,1.8,0.6,2.7,1.8
0,30,-0.07321663200855255,-0.0004785319324582815,0.35570607435215396,10.496776756725309,-0.7148723354432687,0.9288100288685432,0.9308845069333689,-0.7680433548061212,0.2848225015047159,-0.8383027597701442,-5.949031934142113,-0.11189877986907959,3.504503518342972,-0.3313658299820127,-0.3421052631578947,0.2884990253411306,-0.5292397660818713,0.2134502923976609,0.10623781676413246,-0.1393762183235867,1.8,0.6,2.7,1.8,0.6,2.7,1.8
0,31,-0.05732172727584839,-0.14923931658267975,0.1591618141800036,10.655938570905313,-0.1250397164227428,-0.3534609199622134,0.1426471552088311,-0.6513688345945059,0.4973481001248612,0.02259162268971271,-7.321663200855255,0.1073792576789856,12.206808873452246,-0.1301018915441571,-0.44834307992202727,0.5584795321637428,0.5419103313840157,-0.4727095516569201,0.16959064327485374,-0.5077972709551657,1.8,0.6,2.7,1.8,0.6,2.7,1.8
0,32,-0.18280524015426636,-0.20757535099983215,-0.11572939282330366,10.540209178082009,-0.40247935057383155,-0.7730767037121857,-0.9329565379154068,0.5426550021061092,-0.8669382649356296,-0.5134036864274356,-5.732172727584839,-0.05841776728630066,-14.876078465022147,-0.334178314150635,-0.08479532163742687,-0.23196881091617938,0.08089668615984413,-0.4015594541910331,0.2894736842105263,0.003898635477582957,1.8,0.6,2.7,1.8,0.6,2.7,1.8
0,33,-0.06432154029607773,-0.0333520844578743,0.3003211431486944,10.840530321230704,0.8695224092704896,0.37246498769226855,-0.2076299521786784,-0.8304448041623151,-0.7319786660241041,-0.047442208895116966,-18.280524015426636,0.03038346767425537,-5.8336034417152405,-0.5570091726726184,-0.24269005847953218,-0.4678362573099415,-0.5653021442495128,0.3284600389863548,-0.5224171539961013,-0.3109161793372319,1.8,0.6,2.7,1.8,0.6,2.7,1.8
0,34,-0.04080536216497421,-0.09694980829954147,0.4269907810263663,11.26752110225707,0.4595756842053027,-0.3423469876014231,0.6568076548031707,0.39184055819614017,-0.6053313196954453,-0.7888209726364723,-6.432154029607773,-0.009145587682723999,17.422326654195786,0.18966505500809838,0.5360623781676412,0.232943469785575,-0.12670565302144254,-0.5107212475633529,-0.45029239766081874,-0.030214424951267027,1.8,0.6,2.7,1.8,0.6,2.7,1.8
0,35,-0.04842580482363701,-0.054951805621385574,0.38586470094676595,11.653385803203836,-0.3887643148211035,0.9207344822290582,0.30996473067433183,-0.2906304318470443,-0.748419571780367,-0.43182065596697217,-4.080536216497421,-0.016602128744125366,-6.3597723841667175,-0.07449964637588932,0.2777777777777777,-0.21345029239766078,0.3927875243664718,0.2378167641325537,-0.37329434697855746,-0.47758284600389866,1.8,0.6,2.7,1.8,0.6,2.7,1.8
0,36,-0.05697845667600632,-0.10587073862552643,0.1800945318852141,11.83348033508905,-0.8868355005206243,0.6631837257312017,-0.27583872111485586,-0.062129705134366775,-0.8556202164034219,-0.5745293988695803,-4.842580482363701,0.04571601748466492,4.19980026781559,-0.11182344467342899,-0.24561403508771928,0.5536062378167641,0.17836257309941517,-0.18128654970760238,-0.4473684210526315,-0.27192982456140347,1.8,0.6,2.7,1.8,0.6,2.7,1.8
0,37,-0.05092160403728485,-0.07877423614263535,0.4306389701969904,12.26411930528604,0.9430613472973368,-0.23857804054561504,0.7112542799682,0.7872227573458306,0.7099499077969189,-0.36633740545550464,-5.697845667600632,-0.09606853127479553,-5.091893300414085,-0.31341158761466154,-0.5458089668615984,0.4044834307992202,-0.16374269005847952,-0.041910331384015564,-0.5116959064327485,-0.3421052631578947,1.8,0.6,2.7,1.8,0.6,2.7,1.8
0,38,-0.047021057456731796,-0.11378538608551025,0.29513414464672316,12.559253449932765,-0.04473596438464944,-0.3233067781138039,0.5877134973530858,0.7696704310285527,-0.9024912592594747,-0.8828001330357382,-5.092160403728485,0.05385056138038635,2.7096502482891083,0.06581954076801948,0.5750487329434697,-0.15009746588693962,0.4298245614035088,0.4756335282651072,0.4249512670565303,-0.24171539961013644,1.8,0.6,2.7,1.8,0.6,2.7,1.8
0,39,-0.04537173733115196,-0.11522375047206879,0.355764157991858,12.915017607924623,-0.0014552363351680864,0.4607489779879037,-0.8604907623825753,0.6869628168175528,0.17180148301955978,-0.14167096327072026,-4.70210574567318,-0.0728115439414978,-3.501114994287491,-0.20324947622253642,-0.032163742690058506,-0.19590643274853803,0.3508771929824561,0.4649122807017543,-0.5419103313840157,-0.53411306042885,1.8,0.6,2.7,1.8,0.6,2.7,1.8
0,40,-0.061687033623456955,-0.04592263698577881,0.36813222169248605,13.283149829617109,0.8004953478972252,0.1470695512614344,0.9789965106517882,-0.6043667291084658,0.33622415770114955,-0.33526623041575765,-4.537173733115196,0.06988421082496643,-0.14383643865585327,-0.14343914686390538,-0.003898635477582846,0.28167641325536064,-0.52046783625731,0.41520467836257313,0.09941520467836251,-0.09551656920077978,1.8,0.6,2.7,1.8,0.6,2.7,1.8
0,41,-0.05117407441139221,-0.08330312371253967,0.44518159324169815,13.728331422858806,0.4606140637557199,-0.5497691521532015,0.9843818414944325,0.8455078906057991,-0.4454302899697493,0.6779243722003976,-6.1687033623456955,0.012812018394470215,6.930111348628998,0.12310940598974851,0.4844054580896686,0.08284600389863539,0.5779727095516569,-0.3742690058479532,0.2085769980506822,-0.1978557504873294,1.8,0.6,2.7,1.8,0.6,2.7,1.8
0,42,-0.059993986040353775,-0.04744597524404526,0.4227689255419503,14.151100348400757,0.6360050378948763,-0.04246674531366579,0.9655699113754208,-0.3803562172868862,-0.9293278437338937,0.428149194840048,-5.117407441139221,-0.004385411739349365,-3.7380486726760864,-0.05115295696355149,0.2787524366471734,-0.33820662768031184,0.5964912280701755,0.5165692007797271,-0.2748538011695907,0.40740740740740744,1.8,0.6,2.7,1.8,0.6,2.7,1.8
0,43,-0.11183931678533554,-0.19457875192165375,0.09734331555385145,14.248443663954609,0.030560252455465564,-0.7996560812234097,0.24533752851945345,0.6879703460221527,-0.7790545329520084,-0.2612888761105967,-5.9993986040353775,0.014334917068481445,3.5857148468494415,0.06928387055151149,0.38401559454191037,-0.033138401559454245,0.5760233918128654,-0.23976608187134507,-0.5555555555555556,0.2651072124756335,1.8,0.6,2.7,1.8,0.6,2.7,1.8
0,44,-0.11044222861528397,0.023127147927880287,0.22596778700119163,14.4744114509558,0.6334987285651028,0.6735327108571618,0.9423880145006451,-0.9772291310588554,-0.12309096724679414,0.09016510195344352,-11.183931678533554,0.007785111665725708,-14.713277667760849,-0.37136258862212546,0.00877192982456143,-0.5019493177387915,0.1442495126705654,0.4181286549707601,-0.49025341130604283,-0.15984405458089668,1.8,0.6,2.7,1.8,0.6,2.7,1.8
0,45,-0.15163017809391022,-0.1957913041114807,0.2103398249408531,14.684751275896653,0.6293184220852628,-0.7069975343192263,-0.8073841957101358,-0.06521166721327076,-0.7958407365576368,-0.7065802807823507,-11.044222861528397,0.016944855451583862,21.770589984953403,0.24332838996098285,0.38596491228070184,0.4044834307992202,0.5565302144249513,-0.6052631578947368,-0.0799220272904484,0.04970760233918137,1.8,0.6,2.7,1.8,0.6,2.7,1.8
0,46,-0.080961674451828,-0.16437646746635437,0.3264485068008346,15.011199782697489,0.33185960729416,-0.35706251471744577,0.5153451691438913,-0.5047811572809138,-0.8969905077542706,0.9540021012220374,-15.163017809391022,-0.055675208568573,-21.8918452039361,-0.24239142396266466,0.37914230019493167,-0.43177387914230014,-0.4892787524366472,-0.04385964912280704,-0.48245614035087714,-0.43177387914230014,1.8,0.6,2.7,1.8,0.6,2.7,1.8
0,47,-0.1535966843366623,0.0011942391283810139,0.1522563519807771,15.163456134678265,0.7352553666855781,0.9911829673706127,0.705597073568943,0.6433862246143545,0.4916172549447575,-0.6360656215424241,-8.0961674451828,0.02318248152732849,3.1414836645126343,-0.155796339599935,0.1978557504873295,-0.22807017543859653,0.30896686159844045,-0.31189083820662766,-0.5575048732943471,0.5769980506822612,1.8,0.6,2.7,1.8,0.6,2.7,1.8
0,48,-0.1284932941198349,-0.013983163982629776,0.2130125649187015,15.376468699596966,0.7316258535873159,0.628746810930271,0.4151442048930132,0.6573888462247477,-0.9023872295823405,0.9131506267422935,-15.35966843366623,0.04843100905418396,16.55707065947354,0.2997258722474246,0.4463937621832359,0.5974658869395713,0.4142300194931774,0.3898635477582846,0.2992202729044835,-0.39181286549707606,1.8,0.6,2.7,1.8,0.6,2.7,1.8
0,49,-0.13197854161262512,-0.0015752182807773352,0.2687845556022575,15.645253255199224,0.44062043335934153,0.94710999097115,0.8889211669270649,-0.20196345560152862,-0.36571859322523825,-0.29499136323545194,-12.84932941198349,0.003086775541305542,-1.517740311101079,0.24881349329904764,0.44249512670565294,0.3849902534113061,0.2485380116959064,0.39668615984405453,-0.5458089668615984,0.5516569200779726,1.8,0.6,2.7,1.8,0.6,2.7,1.8
0,50,-0.14387308061122894,-0.22236134111881256,0.12426223433262121,15.769515489531845,0.25804637576629275,-0.5788691335433036,-0.537353248269093,0.5978150120431438,0.6114593392610792,0.9022386361423309,-13.197854161262512,-0.006471574306488037,1.240794570185244,0.19163761794493944,0.2641325536062378,0.5536062378167641,0.5194931773879143,-0.12768031189083817,-0.2241715399610137,-0.182261208576998,1.8,0.6,2.7,1.8,0.6,2.7,1.8
0,51,-0.12982839345932007,-0.043865688145160675,0.19678683257580273,15.966302322107648,0.8969688629201671,0.5408550006809758,0.07663107505699518,0.915177677203812,-0.034654862967734346,-0.38430987595598065,-14.387308061122894,-0.1030072569847107,-22.078612283803523,-0.33145979856037117,0.1520467836257311,-0.36549707602339176,-0.3294346978557505,0.3606237816764133,0.36549707602339176,0.5438596491228069,1.8,0.6,2.7,1.8,0.6,2.7,1.8
0,52,-0.1356700211763382,-0.2309173196554184,0.03923878976213696,16.005541111869785,-0.5710414642675632,0.2321318733770681,-0.9800948918313608,-0.8240174892907219,0.5874352487781909,-0.27691430844967124,-12.982839345932007,0.08346661925315857,17.84956529736519,0.2644999913980693,0.5477582846003899,0.33528265107212474,0.04873294346978563,0.5565302144249513,-0.023391812865497075,-0.23976608187134507,1.8,0.6,2.7,1.8,0.6,2.7,1.8
0,53,-0.09115240722894669,-0.15739290416240692,0.3152544643521722,16.320795576221958,-0.11238145804957678,0.14517479076369577,0.6831523823213568,-0.8520699608385125,-0.08775396046260231,-0.5118254350244535,-13.56700211763382,-0.10970756411552429,-18.705163151025772,-0.4197097063688754,-0.3615984405458089,0.1413255360623782,-0.594541910331384,-0.5136452241715399,0.3557504873294346,-0.18518518518518523,1.8,0.6,2.7,1.8,0.6,2.7,1.8
0,54,-0.10615858435630798,-0.19181005656719208,0.30938003406617076,16.630175610288127,0.09196271606136808,0.26933449440125656,-0.6753208770501558,0.7323700293337858,-0.6426045360989565,0.8502123334809413,-9.115240722894669,0.10360926389694214,7.3524415493011475,-0.16240600637074054,-0.08089668615984402,0.07894736842105265,0.40740740740740744,-0.5243664717348928,-0.051656920077972734,-0.3070175438596491,1.8,0.6,2.7,1.8,0.6,2.7,1.8
0,55,-0.12074920535087585,-0.1946566253900528,0.291877046493904,16.922052656782032,0.5026852113144973,-0.8618513630115612,0.933547511381448,0.4005440828256295,-0.30471943692853953,0.4844360639473979,-10.615858435630798,-0.01958981156349182,-3.4417152404785156,-0.16173889700481,0.05263157894736836,0.16666666666666674,-0.4093567251461988,0.44736842105263164,-0.39181286549707606,0.5136452241715399,1.8,0.6,2.7,1.8,0.6,2.7,1.8
0,56,-0.09531506150960922,-0.18601058423519135,0.22657290542486216,17.148625562206895,-0.44647342467224793,0.7178840480726663,-0.050715263430531676,-0.06992204394598756,0.8142877081369568,0.24806439019179027,-12.074920535087585,-0.012742727994918823,-0.2846568822860718,-0.17311252446692088,0.30019493177387924,-0.53411306042885,0.5575048732943471,0.23879142300194922,-0.1900584795321637,0.297270955165692,1.8,0.6,2.7,1.8,0.6,2.7,1.8
0,57,-0.1526784896850586,-0.25951051712036133,0.08363692883038373,17.23226249103728,0.01344913447931484,-0.6750946289191895,-0.10374395115593571,-0.24610017094479164,-0.5307255150073646,-0.8747236407336199,-9.531506150960922,0.007734447717666626,0.864604115486145,-0.24924830435893297,-0.2807017543859649,0.4278752436647173,-0.042884990253411304,-0.04678362573099415,0.49025341130604283,0.1520467836257311,1.8,0.6,2.7,1.8,0.6,2.7,1.8
0,58,-0.1366809904575348,-0.0943092331290245,0.33588294532854246,17.56814543636582,-0.6032045358901243,0.5748893974083302,0.7960713082355282,0.893523489877708,-0.07334002613055546,-0.8880057600870574,-15.26784896850586,-0.024715065956115723,-7.349993288516998,-0.3686945692847817,0.003898635477582957,-0.41520467836257313,-0.05847953216374269,-0.15594541910331383,-0.3099415204678363,-0.5243664717348928,1.8,0.6,2.7,1.8,0.6,2.7,1.8
0,59,-0.12503226101398468,-0.10517160594463348,0.34910097429126574,17.917246410657086,-0.4855451114516771,0.47694198314147895,0.4061596086463499,0.19067711956999034,-0.5559295128602906,-0.21232370879431972,-13.668099045753479,0.07232576608657837,16.520128399133682,-0.12266432792884782,-0.3713450292397661,0.3528265107212476,0.47270955165691997,0.5467836257309941,-0.06335282651072127,-0.543859649122807,1.8,0.6,2.7,1.8,0.6,2.7,1.8
0,60,-0.15721456706523895,-0.05676441639661789,0.23144465047905605,18.14869106113614,0.8540693986216541,0.3234957882817504,0.9826267023601518,-0.6709150038507061,-0.3479408132868147,0.7592657583931224,-12.503226101398468,-0.023993849754333496,-1.0862372815608978,-0.11413137252922007,-0.29824561403508776,0.3050682261208577,0.2641325536062378,0.1120857699805069,-0.3294346978557505,-0.1393762183235867,1.8,0.6,2.7,1.8,0.6,2.7,1.8
0,61,-0.24903550744056702,-0.28132688999176025,0.008985274295189971,18.15767633543133,0.35873144835099113,-0.9119407600400424,-0.5888949629172529,-0.6968454917335878,-0.7129156975264761,-0.76794201881934,-15.721456706523895,0.007565319538116455,4.8407189548015594,0.21916913697258594,0.5204678362573099,0.18615984405458086,0.5828460038986354,-0.41325536062378165,-0.22904483430799216,0.45906432748538006,1.8,0.6,2.7,1.8,0.6,2.7,1.8
0,62,-0.19540604948997498,-0.08671553432941437,0.24485102570109366,18.402527361132424,0.565146199601706,0.5854276646457872,0.8568888293141192,-0.20237530492172384,-0.7019184504057867,0.929382191835505,-24.9035507440567,-0.06223544478416443,-22.456247359514236,-0.4107360219677032,0.21832358674463936,-0.5545808966861598,-0.3606237816764133,-0.4298245614035088,-0.4220272904483431,-0.46686159844054576,1.8,0.6,2.7,1.8,0.6,2.7,1.8
0,63,-0.1739645004272461,-0.08664268255233765,0.3726117907314008,18.775139151863826,0.19483920685886869,0.27487614366100366,0.9247570922230064,0.04167014021572135,0.7928808862140015,-0.8386535717604462,-19.540604948997498,0.04819557070732117,19.46113556623459,0.19204752631017089,0.334307992202729,0.3586744639376218,0.5097465886939572,-0.12768031189083817,-0.4337231968810916,0.5623781676413255,1.8,0.6,2.7,1.8,0.6,2.7,1.8
0,64,-0.12404952198266983,-0.1959611475467682,0.3325942569522068,19.10773340881603,0.2559489475194672,-0.2200912116851541,0.5489088097921759,0.18298935385218829,0.4600304347304536,0.11402722323344361,-17.39645004272461,0.005885213613510132,0.007285177707672119,0.07182529616052401,0.11793372319688111,0.17738791423001943,0.5662768031189085,0.024366471734892814,0.46686159844054576,-0.5233918128654971,1.8,0.6,2.7,1.8,0.6,2.7,1.8
0,65,-0.13907839357852936,-0.22148750722408295,0.11425149320035818,19.221984902016388,-0.6772899683347049,0.09970083711611033,0.19093772460349068,0.023677346321742565,-0.8263902121029689,0.0033067509743285317,-12.404952198266983,-0.007387995719909668,-10.931846499443054,-0.1310396199113471,0.1520467836257311,-0.13840155945419108,0.33528265107212474,0.1072124756335282,0.27680311890838216,0.06140350877192979,1.8,0.6,2.7,1.8,0.6,2.7,1.8
0,66,-0.14251072704792023,-0.21480301022529602,0.24070123943261887,19.462686141449005,0.07615771543258254,-0.6582874758261736,0.8427549336780025,0.6803009279228995,-0.48910789199355587,-0.5190610740252792,-13.907839357852936,-0.021755695343017578,-2.552635967731476,-0.34334836773535987,-0.4171539961013645,0.05653021442495132,0.1120857699805069,0.00974658869395717,-0.49317738791423005,0.00877192982456143,1.8,0.6,2.7,1.8,0.6,2.7,1.8
0,67,-0.20010121166706085,-0.05924377962946892,0.18293018693762403,19.64561632838663,0.692532986404848,0.7683844507839339,0.8406786242361586,0.880113636685125,0.22395574603021218,-0.9993120320530193,-14.251072704792023,-0.06829872727394104,0.6684496998786926,-0.2155520688439389,0.042884990253411415,-0.40545808966861596,0.5029239766081872,0.41033138401559444,-0.30604288499025345,-0.3128654970760234,1.8,0.6,2.7,1.8,0.6,2.7,1.8
0,68,-0.24276885390281677,-0.2989884316921234,0.04163174711246373,19.687248075499095,0.38386781658141667,-0.7840944164071963,-0.8242629913460937,-0.4954435934849961,-0.1711423993360106,-0.37422135070415163,-20.010121166706085,0.08455142378807068,15.55592305958271,0.25237085685688876,0.41910331384015587,0.4649122807017543,0.5019493177387915,0.5321637426900585,0.14035087719298245,-0.6062378167641326,1.8,0.6,2.7,1.8,0.6,2.7,1.8
0,69,-0.31896230578422546,-0.3339495360851288,-0.3228693024541211,19.364378773044976,-0.7716873628993492,-0.7725022011626066,0.13446872482931793,0.29148641157322297,0.8311655159544089,-0.8234520643380392,-24.276885390281677,-0.037123262882232666,-23.97446520626545,-0.3799799482926005,0.2270955165692008,-0.4736842105263158,-0.4873294346978557,-0.30896686159844056,-0.10526315789473684,-0.2378167641325536,1.8,0.6,2.7,1.8,0.6,2.7,1.8
0,70,-0.21573509275913239,-0.3090325593948364,0.214045609935814,19.57842438298079,0.6326436578694066,-0.14882267709494035,-0.39396202596735197,-0.8468995184485371,0.7129892524953743,0.8502557148018213,-31.896230578422546,-0.016563385725021362,-3.496110439300537,-0.7233885788983034,-0.4785575048732943,-0.4844054580896686,0.07699805068226118,0.17543859649122817,0.5019493177387915,-0.5029239766081872,1.8,0.6,2.7,1.8,0.6,2.7,1.8
0,71,-0.1971760392189026,-0.28776779770851135,0.01332821366367562,19.591752596644465,-0.7236734089805703,0.1921095474051795,0.6405293330499957,-0.8648977294317866,-0.8605279787720377,-0.133528147689574,-21.57350927591324,0.011093169450759888,2.491697669029236,-0.21606924333172262,0.38693957115009736,-0.09941520467836262,-0.24561403508771928,-0.5214424951267056,0.4298245614035088,0.5136452241715399,1.8,0.6,2.7,1.8,0.6,2.7,1.8
0,72,-0.22905145585536957,-0.3286343216896057,-0.13328380299237358,19.45846879365209,-0.9097830069406012,0.035969836937379096,-0.18089473920648858,0.5721736631094565,-0.44924985749703383,0.531348581648605,-19.71760392189026,-0.053097307682037354,2.1264761686325073,-0.4229659040595335,-0.449317738791423,0.10331384015594547,0.3801169590643274,-0.5321637426900585,-0.52046783625731,-0.0828460038986355,1.8,0.6,2.7,1.8,0.6,2.7,1.8
0,73,-0.18527793884277344,-0.28365540504455566,0.16778470765301123,19.626253501305104,-0.2695690362268206,0.7153551249665273,-0.3254942897421058,-0.46266880501002716,-0.36682148863021147,-0.7990487174800283,-22.905145585536957,0.059620290994644165,-4.086652398109436,-0.5591383233239497,-0.5536062378167641,0.023391812865497075,-0.11111111111111116,0.3499025341130604,-0.28752436647173485,0.31676413255360614,1.8,0.6,2.7,1.8,0.6,2.7,1.8
0,74,-0.19888876378536224,-0.2863771915435791,0.047663202302935,19.67391670360804,-0.8317620096258755,0.8783652615561901,-0.13054111797481904,0.5093250260758477,0.20369495276390004,-0.9915273276169205,-18.527793884277344,-0.006804615259170532,4.497891664505005,-0.2726244102588478,-0.17251461988304095,0.42690058479532156,-0.20467836257309946,-0.2865497076023392,-0.2270955165692008,-0.49122807017543857,1.8,0.6,2.7,1.8,0.6,2.7,1.8
0,75,-0.1908882111310959,-0.2892947793006897,0.2050286392043487,19.87894534281239,0.20428344956161326,-0.47519230624958686,0.5586396104472486,-0.22143542932320281,-0.47388562315529326,-0.8990937213644528,-19.888876378536224,0.03282800316810608,-0.27217864990234375,-0.3880485773317016,-0.5107212475633529,0.5233918128654971,-0.09064327485380119,0.30896686159844045,0.11306042884990264,-0.5994152046783625,1.8,0.6,2.7,1.8,0.6,2.7,1.8
0,76,-0.26824823021888733,-0.3565106987953186,-0.13979620983862162,19.73914913297377,-0.387159999992412,-0.4974961587791151,-0.18944808204022867,0.8507080748951865,0.2497120693361079,0.8063317089446604,-19.08882111310959,-0.027455389499664307,-0.29175877571105957,-0.23342489152852736,0.12670565302144254,-0.2914230019493177,0.3372319688109162,-0.1393762183235867,-0.2855750487329435,-0.5526315789473684,1.8,0.6,2.7,1.8,0.6,2.7,1.8
0,77,-0.19586098194122314,-0.18860626220703125,0.22980809379525943,19.968957226769028,-0.6957703543659282,0.9940952473309173,0.6465054149862279,0.09097417217875159,-0.585188974981365,0.638437780247292,-26.824823021888733,0.003822892904281616,-6.721591949462891,-0.5539029928935163,-0.23976608187134507,-0.3070175438596491,-0.11890838206627685,0.5155945419103314,0.1413255360623782,0.48830409356725135,1.8,0.6,2.7,1.8,0.6,2.7,1.8
0,78,-0.18813195824623108,-0.19571202993392944,0.358916392018594,20.32787361878762,0.158952424350993,0.17294063197555332,0.8672532110791069,-0.9216304476127497,0.9638943614246633,0.7256989533652278,-19.586098194122314,0.08037611842155457,16.790443658828735,-0.20693484773850185,-0.42592592592592593,0.6023391812865497,0.38109161793372315,0.050682261208577106,-0.35964912280701755,0.3908382066276803,1.8,0.6,2.7,1.8,0.6,2.7,1.8
0,79,-0.23990103602409363,-0.3400970995426178,-0.0228714089760768,20.305002209811544,-0.16282887487390107,-0.4214852911388254,-0.5235864239174106,-0.22434984000176783,0.4157921056689864,-0.1891011828436655,-18.813195824623108,-0.04571154713630676,-0.7105767726898193,-0.08049446557881765,0.09649122807017552,0.11306042884990264,0.5204678362573099,-0.5662768031189084,0.5808966861598441,0.4259259259259258,1.8,0.6,2.7,1.8,0.6,2.7,1.8
0,80,-0.19366484880447388,-0.28992459177970886,0.2433592399909249,20.54836144980247,0.47401561438509443,-0.5956014740846076,0.6267655859579759,0.23684723931216278,-0.07157380590751816,-0.16075774226851713,-23.990103602409363,-0.048482418060302734,-14.438506960868835,-0.44535813791478757,-0.10331384015594547,-0.25828460038986356,-0.3187134502923976,-0.1413255360623782,0.24756335282651065,-0.11890838206627685,1.8,0.6,2.7,1.8,0.6,2.7,1.8
0,81,-0.1892291009426117,-0.24056100845336914,0.4100676218804641,20.958429071682936,0.8519588013852344,0.5385823560927419,-0.21139042455206924,0.9894188140544595,-0.3592151782170616,0.5015309270107473,-19.366484880447388,-0.04315897822380066,5.0172507762908936,-0.1941365305554696,0.2807017543859649,-0.36549707602339176,0.3742690058479532,0.14035087719298245,-0.03801169590643272,-0.10233918128654973,1.8,0.6,2.7,1.8,0.6,2.7,1.8
0,82,-0.19000321626663208,-0.22515901923179626,0.19036776657245835,21.148796838255393,-0.6793423203692917,0.9094640005883095,0.3981281130817973,-0.6534758656623769,-0.12336692236715008,-0.8019047329834779,-18.92291009426117,0.06870254874229431,4.936358332633972,0.028961375639571133,0.5136452241715399,0.31968810916179335,-0.14230019493177393,0.5994152046783625,-0.2192982456140351,0.29532163742690054,1.8,0.6,2.7,1.8,0.6,2.7,1.8
0,83,-0.2738795876502991,-0.32054752111434937,-0.1573819498530225,20.99141488840237,-0.6293423324516614,-0.8765335411862856,0.5650558473006384,0.8295569807738985,-0.9652227067664061,0.19112033096187986,-19.000321626663208,-0.022224336862564087,1.5401989221572876,-0.2483924299415365,-0.4220272904483431,0.5448343079922027,0.23196881091617927,-0.40838206627680307,-0.0799220272904484,-0.4922027290448343,1.8,0.6,2.7,1.8,0.6,2.7,1.8
0,84,-0.36598265171051025,-0.35937997698783875,-0.19887621443411657,20.792538673968256,-0.031111185739224112,-0.9992508455164675,-0.9130044451104946,0.9241706736238382,-0.9870408899924354,0.5445313933135676,-27.387958765029907,0.007141381502151489,-9.53885018825531,-0.5698935478746623,-0.3908382066276803,-0.5350877192982456,0.34307992202729043,0.503898635477583,-0.5916179337231968,0.11013645224171542,1.8,0.6,2.7,1.8,0.6,2.7,1.8
0,85,-0.19695885479450226,-0.20361320674419403,0.3616724968534136,21.154211170821668,0.7567554795000948,0.6957295917144088,-0.12884095579365118,0.1425322359366361,-0.0904161966983601,0.7151895180275862,-36.598265171051025,0.023631006479263306,-3.883245587348938,-0.5882474293660882,-0.023391812865497075,-0.6023391812865497,-0.5497076023391814,0.5594541910331383,-0.6052631578947368,0.32163742690058483,1.8,0.6,2.7,1.8,0.6,2.7,1.8
0,86,-0.24623773992061615,-0.3422757685184479,0.0844842734993826,21.23869544432105,0.3788527978279852,-0.7320456059602387,-0.01618499292347053,0.9093659661048163,0.28342254151800317,0.49351405862249265,-19.695885479450226,0.015132874250411987,15.576677024364471,0.07469564336240969,0.4571150097465886,0.4259259259259258,-0.0828460038986355,0.08284600389863539,-0.059454191033138426,0.42105263157894735,1.8,0.6,2.7,1.8,0.6,2.7,1.8
0,87,-0.21007408201694489,-0.2971287667751312,0.09624338398956145,21.334938828310612,-0.5037052491083795,0.7690994443897263,-0.44332728856618187,-0.5257136135729488,-0.0673405236329574,0.6063079815940537,-24.623773992061615,-0.035149604082107544,-13.866256177425385,-0.33607733898480646,0.22807017543859653,-0.4473684210526315,-0.00877192982456143,0.5516569200779726,0.1549707602339181,0.30019493177387924,1.8,0.6,2.7,1.8,0.6,2.7,1.8
0,88,-0.20624731481075287,-0.28970950841903687,0.20310165758085721,21.538040485891468,-0.012971512391352746,0.6111229409425927,-0.8593930509309111,0.7821059480892503,0.0460241809309232,-0.7137961638491068,-21.00740820169449,0.017675012350082397,4.514700174331665,-0.33572601553656417,-0.31968810916179335,0.4649122807017543,-0.2807017543859649,-0.3265107212475633,-0.03801169590643272,0.35672514619883033,1.8,0.6,2.7,1.8,0.6,2.7,1.8
0,89,-0.2237207591533661,-0.31750616431236267,0.04302992627587199,21.58107041216734,-0.2697162647029052,-0.2510472792394485,0.33452546521271853,-0.726112058197161,-0.8627969321556839,-0.6080506121088716,-20.624731481075287,-0.01250728964805603,0.741925835609436,-0.2301363409868063,-0.014619883040935644,0.3723196881091617,-0.5185185185185186,0.47465886939571145,0.026315789473684292,-0.43762183235867447,1.8,0.6,2.7,1.8,0.6,2.7,1.8
0,90,-0.20680302381515503,-0.30512169003486633,0.25241284649924156,21.83348325866658,0.48910331564715204,-0.1938849698176932,-0.48844341128001023,-0.3713870643091204,-0.09584844512720081,0.7093835679544749,-22.37207591533661,-0.001996755599975586,-2.7796655893325806,-0.38451305056945495,-0.16081871345029242,-0.15886939571150094,0.19883040935672525,-0.45321637426900585,-0.5185185185185186,-0.37524366471734893,1.8,0.6,2.7,1.8,0.6,2.7,1.8
0,91,-0.27438607811927795,-0.34906744956970215,-0.15540476565188527,21.678078493014695,-0.6640614803719549,-0.5388862205025449,-0.16365539505019044,0.43809808675719863,-0.792974312223613,-0.841203928115041,-20.680302381515503,-0.005502253770828247,1.2384474277496338,-0.18064017669993923,0.29532163742690054,-0.11598440545808963,-0.2943469785575049,-0.23196881091617938,-0.06432748538011701,0.42884990253411304,1.8,0.6,2.7,1.8,0.6,2.7,1.8
0,92,-0.24610382318496704,-0.338907927274704,0.13858604042679512,21.81666453344149,0.5545588651849613,-0.582662864595219,-0.3023680749776043,0.3860552325817137,-0.23006371265550252,-0.9870988872777533,-27.438607811927795,0.0085391104221344,-4.3945759534835815,-0.5677739887018867,-0.4122807017543859,-0.32261208576998046,-0.10136452241715399,0.26315789473684204,-0.47173489278752434,-0.5214424951267056,1.8,0.6,2.7,1.8,0.6,2.7,1.8
0,93,-0.24696384370326996,-0.33947259187698364,0.12123639090955189,21.93790092435104,0.4483961377979817,-0.643657867684464,0.007438945441838429,0.32391753523538735,-0.9090625414131841,0.4435506871449526,-24.610382318496704,-0.03945380449295044,1.015952229499817,-0.2820159418587281,0.334307992202729,-0.35964912280701755,-0.18031189083820665,0.23099415204678353,-0.15204678362573099,-0.601364522417154,1.8,0.6,2.7,1.8,0.6,2.7,1.8
0,94,-0.21943220496177673,-0.299761563539505,0.3588781688195635,22.296779093170606,0.9554773521689324,0.1752501925580201,-0.6744992895939208,0.47748768658339924,0.2539679292488646,-0.49722682408163177,-24.696384370326996,0.03301352262496948,-0.05646646022796631,-0.29910656948264824,0.27192982456140347,-0.39668615984405453,-0.006822612085769952,0.1929824561403508,-0.5555555555555556,0.2641325536062378,1.8,0.6,2.7,1.8,0.6,2.7,1.8
0,95,-0.22455532848834991,-0.33441129326820374,0.025192898729341023,22.321971991899947,-0.32660431442203697,-0.3553200183628178,0.13228983257543203,-0.8241758101437167,-0.4385174515994843,-0.9206294340652317,-21.943220496177673,-0.014462321996688843,3.9711028337478638,-0.07003960212526579,0.5779727095516569,0.09941520467836251,-0.4200779727095516,0.2865497076023391,0.14522417153996092,-0.3079922027290448,1.8,0.6,2.7,1.8,0.6,2.7,1.8
0,96,-0.2069198489189148,-0.27047333121299744,0.08975888712353058,22.411730879023477,-0.8113313207008337,0.38075034499088445,0.8233633897628765,0.10542080619232186,-0.40267578075358146,0.2076430544446164,-22.45553284883499,-0.0011019408702850342,-3.464972972869873,-0.40208424688724037,-0.20467836257309946,-0.22124756335282647,0.07602339181286544,-0.5087719298245614,-0.26608187134502925,-0.5575048732943471,1.8,0.6,2.7,1.8,0.6,2.7,1.8
0,97,-0.19840671122074127,-0.26905035972595215,0.16407808983576735,22.575808968859246,-0.6023282227217737,0.9452952349816393,-0.6310476308394912,0.493076339141473,-0.3872481460250752,0.9989930456466147,-20.69198489189148,0.04824399948120117,6.39379620552063,-0.34325528191675087,-0.49610136452241715,0.22807017543859653,0.4922027290448343,0.059454191033138315,-0.25048732943469787,0.12183235867446385,1.8,0.6,2.7,1.8,0.6,2.7,1.8
0,98,-0.20960146188735962,-0.31706106662750244,0.03622442507274801,22.612033393931995,-0.34323213847348555,-0.28560381829387227,0.8345220248555558,0.812150657651123,0.47110141795602356,-0.9106055330405434,-19.840671122074127,-0.0726357102394104,0.1422971487045288,-0.2717973389169648,-0.368421052631579,0.5779727095516569,-0.3830409356725146,0.2962962962962963,-0.2485380116959064,0.6003898635477583,1.8,0.6,2.7,1.8,0.6,2.7,1.8
0,99,-0.2198253571987152,-0.3331652283668518,0.03616399546285701,22.648197389394852,-0.3051047990284217,-0.00013718534868423227,-0.6014077887134508,-0.3766081987488459,-0.8764512062984071,0.0857824565437717,-20.960146188735962,0.033001601696014404,-4.801070690155029,-0.3959009950951096,-0.2115009746588694,-0.182261208576998,0.5019493177387915,0.4922027290448343,0.2894736842105263,-0.5594541910331384,1.8,0.6,2.7,1.8,0.6,2.7,1.8
0,100,-0.2360471487045288,-0.35229963064193726,0.028548780702997295,22.67674617009785,0.0352428672792795,-0.639969118067103,-0.2715075309434114,0.9943084387055894,0.07751279193087668,-0.4465207530216384,-21.98253571987152,-0.017809122800827026,-1.6104161739349365,-0.39262712695728635,-0.18810916179337234,-0.0019493177387914784,-0.3635477582846004,-0.23391812865497075,-0.5282651072124757,0.04775828460038989,1.8,0.6,2.7,1.8,0.6,2.7,1.8
0,101,-0.19111494719982147,-0.2001774162054062,0.380976573718697,23.057722743816548,0.24066912607621438,0.30938729334099757,0.9695582855203864,0.8324551822537876,0.5656938916421184,0.9254915348851869,-23.60471487045288,0.013875961303710938,-1.913440227508545,-0.3951237767531113,0.01949317738791434,-0.38401559454191037,-0.165692007797271,0.6081871345029239,0.03801169590643272,-0.2729044834307992,1.8,0.6,2.7,1.8,0.6,2.7,1.8
0,102,-0.18601970374584198,-0.24420003592967987,0.4279028386317769,23.485625582448325,0.8395509820794655,0.35092050644605366,-0.3299721056818081,0.864943907540664,0.3806615749124702,0.3788102143704519,-19.111494719982147,0.049202144145965576,15.212221443653107,-0.057398498229926376,0.14230019493177393,0.18908382066276808,0.5799220272904484,0.4980506822612085,0.3391812865497077,0.560428849902534,1.8,0.6,2.7,1.8,0.6,2.7,1.8
0,103,-0.18522632122039795,-0.2845291495323181,0.21665060602440828,23.702276188472734,0.1736355142856476,-0.10159295260309409,0.5256327805306786,0.09003012657853371,0.8645987022335617,-0.14651987715629922,-18.601970374584198,-0.022760778665542603,-4.402261972427368,0.012246144164158403,0.5077972709551657,0.21734892787524362,-0.19980506822612087,0.5224171539961013,0.22319688109161784,0.22807017543859653,1.8,0.6,2.7,1.8,0.6,2.7,1.8
0,104,-0.19841501116752625,-0.31294184923171997,0.19330227443183798,23.89557846290457,0.3833089398744358,-0.335642966356577,-0.32904536118968686,-0.2619523334243956,-0.21769665413012018,0.21877251738118075,-18.522632122039795,-0.01746639609336853,-4.0329113602638245,-0.22377663201863937,0.10136452241715399,-0.06627680311890838,0.31384015594541914,0.050682261208577106,0.5136452241715399,-0.08869395711500971,1.8,0.6,2.7,1.8,0.6,2.7,1.8
0,105,-0.18425768613815308,-0.21695198118686676,0.4221894986988674,24.317767961603437,0.44483806183482844,0.770240675408939,0.03845712473526941,0.24068476305721287,0.7500346102386202,0.15106390832045102,-19.841501116752625,-0.05146712064743042,-2.8412699699401855,-0.24257033495307495,0.22904483430799227,-0.19980506822612087,-0.19980506822612087,-0.16374269005847952,-0.1364522417153996,0.12378167641325533,1.8,0.6,2.7,1.8,0.6,2.7,1.8
0,106,-0.18501737713813782,-0.21328788995742798,0.41254975609753175,24.73031771770097,0.6223650995592604,0.6195252558366022,-0.22755651959515477,0.4030980363699237,0.08672601112137523,-0.8601303886502076,-18.425768613815308,0.09199976921081543,9.598986804485321,-0.018578208288685182,0.2651072124756335,0.46588693957115,0.00877192982456143,0.14230019493177393,0.45029239766081863,0.08576998050682261,1.8,0.6,2.7,1.8,0.6,2.7,1.8
0,107,-0.18916307389736176,-0.23885680735111237,0.3514609678073418,25.08177868550831,0.6504075711063224,-0.44018941482435303,0.7787959898892314,0.5860882604596338,0.8308510109106484,-0.1352894651736094,-18.50173771381378,-0.008472055196762085,0.3664091229438782,0.02795085470829627,0.37524366471734893,0.3771929824561404,-0.14327485380116955,0.24171539961013644,0.050682261208577106,-0.5282651072124757,1.8,0.6,2.7,1.8,0.6,2.7,1.8
0,108,-0.19828830659389496,-0.21304865181446075,0.3488509211040469,25.430629606612356,0.9853909419784919,0.5247414727777753,-0.5847309848255444,0.3640120719895992,0.20446796320823868,0.8608741688692447,-18.916307389736176,-0.01637488603591919,-2.5568917393684387,-0.08759098079165695,0.3927875243664718,-0.2729044834307992,0.4707602339181287,0.35380116959064334,0.5,-0.0935672514619883,1.8,0.6,2.7,1.8,0.6,2.7,1.8
0,109,-0.2665883004665375,-0.33919966220855713,0.09928571501215155,25.529915321624507,0.7061622494424551,-0.92782159891112,-0.1659233662711197,0.2935875401656989,0.41268747850509535,0.6161486287982056,-19.828830659389496,0.01301690936088562,2.580815553665161,0.08706473430076629,0.594541910331384,0.31968810916179335,-0.35477582846003897,0.21734892787524362,0.11403508771929816,0.5146198830409356,1.8,0.6,2.7,1.8,0.6,2.7,1.8
0,110,-0.20013383030891418,-0.23654420673847198,0.17648582824727524,25.706401149871784,-0.5812702555673792,0.9376696218705483,0.45318148123488666,0.3760117875164286,0.6611997166804777,-0.21996151244277518,-26.658830046653748,-0.0016614794731140137,-12.615101039409637,-0.31529557503246636,0.4259259259259258,-0.5662768031189084,-0.09746588693957114,0.17446393762183243,0.23879142300194922,0.37816764132553615,1.8,0.6,2.7,1.8,0.6,2.7,1.8
0,111,-0.20982153713703156,-0.2993566691875458,0.2248812874307797,25.931282437302563,0.4917800094832827,0.07403587118619526,-0.9627806554781322,-0.026111146715555034,0.44123455223215347,-0.11160222293756283,-20.01338303089142,-0.03626197576522827,10.265545547008514,-0.2588041826563663,-0.368421052631579,0.5555555555555556,0.2592592592592593,0.22514619883040932,0.3879142300194931,-0.13547758284600386,1.8,0.6,2.7,1.8,0.6,2.7,1.8
0,112,-0.1987745463848114,-0.27838239073753357,0.27578096067353886,26.207063397976103,0.4379629241388645,0.44950716604737107,-0.4761713360287685,-0.9060476273471649,0.7910238491220904,0.5550235821762313,-20.982153713703156,-0.042463093996047974,-6.281246244907379,-0.20717145889397526,0.29532163742690054,0.040935672514619936,-0.5828460038986355,-0.020467836257309968,0.2573099415204678,-0.08479532163742687,1.8,0.6,2.7,1.8,0.6,2.7,1.8
0,113,-0.1953420639038086,-0.2950555086135864,0.12371979083609641,26.330783188812198,-0.2118176323371559,0.4667777673583968,-0.4683950309884324,-0.6762431585840443,0.4417885886227457,-0.12318027212682381,-19.87745463848114,0.03121122717857361,2.0974278450012207,-0.1599695761109956,0.26315789473684204,0.2621832358674463,-0.3021442495126706,-0.5575048732943471,0.47465886939571145,0.3323586744639375,1.8,0.6,2.7,1.8,0.6,2.7,1.8
0,114,-0.20772835612297058,-0.2949652671813965,0.006430003136295964,26.337213191948493,-0.6932045551793631,0.46655605451469806,0.158897398997764,-0.4247302481525579,0.7790250314711922,0.339589265679908,-19.53420639038086,0.026288628578186035,-1.6673117876052856,-0.3132006617620132,-0.1335282651072125,0.2758284600389864,-0.3001949317738791,-0.4171539961013645,0.26315789473684204,-0.07797270955165692,1.8,0.6,2.7,1.8,0.6,2.7,1.8
0,115,-0.25082331895828247,-0.33353447914123535,0.09400229955674343,26.431215491505235,0.39469539361604755,-0.31988247803558556,-0.8758572536251805,0.44746819781360325,0.43509472627382295,0.9350357361499704,-20.772835612297058,-0.06387978792190552,0.00902414321899414,-0.42631558015254556,-0.42690058479532167,0.269980506822612,0.08382066276803113,-0.26315789473684215,0.4649122807017543,0.1978557504873295,1.8,0.6,2.7,1.8,0.6,2.7,1.8
0,116,-0.2618699073791504,-0.34348514676094055,0.02150474751312051,26.452720239018355,0.15245738103864315,-0.5510211394623579,-0.6196197732526618,-0.7604772942708473,0.7826404246172438,0.13420186751659346,-25.082331895828247,0.060217082500457764,-3.8569211959838867,-0.3251850929630917,0.2378167641325537,-0.1978557504873294,-0.530214424951267,0.26900584795321647,0.25536062378167634,0.5545808966861598,1.8,0.6,2.7,1.8,0.6,2.7,1.8
0,117,-0.2087123692035675,-0.3127685785293579,0.12235838458333695,26.57507862360169,0.037787841206905926,-0.13998264774507874,-0.27228147338065023,-0.667479420410438,-0.3341540379415633,-0.36479756223978566,-26.18699073791504,0.0180952250957489,-0.99506676197052,-0.3944361446048646,0.09551656920077978,-0.32748538011695905,-0.3879142300194932,-0.47173489278752434,0.4766081871345029,0.08089668615984413,1.8,0.6,2.7,1.8,0.6,2.7,1.8
0,118,-0.19013918936252594,-0.21854233741760254,0.2410562953430477,26.816134918944737,-0.4342418008873288,0.5286649986372396,0.5982053678222339,-0.4521741702218669,-0.5683070888390156,-0.5600736249573544,-20.87123692035675,-0.005193054676055908,3.071656823158264,-0.31006104157272696,0.0185185185185186,-0.09064327485380119,-0.17738791423001954,-0.4113060428849903,-0.2056530214424951,-0.21734892787524362,1.8,0.6,2.7,1.8,0.6,2.7,1.8
0,119,-0.1893688291311264,-0.2566699981689453,0.25125627973333986,27.067391198678077,-0.10949429406929245,0.7532927840095631,-0.5590605546227054,0.32189725040941886,0.17473123755999098,0.16605732699198272,-19.013918936252594,0.04146695137023926,9.422624111175537,-0.19765674005343814,-0.2680311890838206,0.3177387914230019,0.35964912280701755,-0.2807017543859649,-0.33528265107212474,-0.334307992202729,1.8,0.6,2.7,1.8,0.6,2.7,1.8
0,120,-0.1948142647743225,-0.2144123762845993,0.3908668954890379,27.458258094167114,0.8183676311485051,0.1829718230311872,0.5780292099589532,-0.6708157997579283,-0.5585613825537243,0.9745766819192323,-18.93688291311264,-0.09199529886245728,-3.8127660751342773,-0.18772416059326374,-0.07017543859649122,0.45906432748538006,-0.3401559454191033,0.19200779727095507,0.09746588693957126,0.0935672514619883,1.8,0.6,2.7,1.8,0.6,2.7,1.8
0,121,-0.25806501507759094,-0.3420117199420929,-0.10890841452929806,27.349349679637815,-0.6654174440833425,-0.07511575362607581,-0.5345681652638752,-0.1897518514349681,-0.4495378158295473,-0.8552913337375316,-19.48142647743225,0.06977245211601257,4.225762188434601,0.046234342595094645,0.4951267056530215,0.1072124756335282,0.34113060428849895,-0.41325536062378165,-0.33528265107212474,0.5886939571150098,1.8,0.6,2.7,1.8,0.6,2.7,1.8
0,122,-0.256427526473999,-0.3489208221435547,-0.11031073782180448,27.23903894181601,-0.5369099371748669,-0.37770038324837585,0.11697372128649652,0.6531601082929046,0.2902800352711927,-0.16357475813688716,-25.806501507759094,-0.02300664782524109,-12.75993436574936,-0.5259574251509421,-0.4171539961013645,-0.04678362573099415,-0.3206627680311891,-0.11988304093567248,-0.2758284600389863,-0.5263157894736843,1.8,0.6,2.7,1.8,0.6,2.7,1.8
0,123,-0.2419956475496292,-0.33293548226356506,0.019595986243832297,27.25863492805984,-0.350598541732257,0.31106096393573823,-0.8095135026276845,-0.7285038870030147,0.7397434955233639,-0.6825099579494731,-25.642752647399902,-0.011275708675384521,-0.6909102201461792,-0.5278398966217487,-0.3391812865497076,-0.2348927875243665,0.067251461988304,0.39376218323586754,0.17251461988304095,-0.10623781676413258,1.8,0.6,2.7,1.8,0.6,2.7,1.8
0,124,-0.2357056438922882,-0.32233017683029175,-0.050103714748059594,27.208531213311783,-0.8628721966951558,0.5516976364710937,-0.23041094901519577,0.03694695799993575,-0.1182005250789615,0.0964524472773991,-24.19956475496292,-0.00829249620437622,1.5985339879989624,-0.40225101385058665,-0.2270955165692008,0.18908382066276808,-0.4873294346978557,-0.4522417153996101,0.43762183235867447,-0.41617933723196876,1.8,0.6,2.7,1.8,0.6,2.7,1.8
0,125,-0.20648640394210815,-0.21005770564079285,0.2828208590351968,27.49135207234698,-0.2884309613326197,0.8253654598747056,0.6956047800380498,-0.5991613566446139,0.07655666334225786,0.7172880164939002,-23.57056438922882,0.024046003818511963,1.0605305433273315,-0.473881904223839,-0.5311890838206628,0.32261208576998057,-0.15302144249512672,0.01949317738791434,-0.07309941520467833,0.0536062378167641,1.8,0.6,2.7,1.8,0.6,2.7,1.8
0,126,-0.21295131742954254,-0.24719001352787018,0.4193666560420219,27.910718728389003,0.851248941669221,-0.07704035670023202,0.2588346685987095,-0.3838458647043572,-0.9162560018945793,-0.21507661117083865,-20.648640394210815,0.039458274841308594,11.22724711894989,-0.1503375239355143,-0.18128654970760238,0.4922027290448343,0.4142300194931774,-0.37037037037037035,0.03508771929824572,0.4298245614035088,1.8,0.6,2.7,1.8,0.6,2.7,1.8
0,127,-0.2986372113227844,-0.36036574840545654,-0.0199789732013555,27.89073975518765,0.2138809166597202,-0.7159543625309697,-0.15321900859564375,0.7259278309837969,-0.8747032449559498,0.9521458529188984,-21.295131742954254,-0.0318087637424469,-3.713230788707733,-0.011656881821480959,0.5185185185185186,-0.051656920077972734,0.15594541910331383,-0.23879142300194933,-0.5516569200779727,-0.13450292397660824,1.8,0.6,2.7,1.8,0.6,2.7,1.8
0,128,-0.2085331529378891,-0.197829931974411,0.36937225107815774,28.260112006265807,0.6765320717227801,0.5312093316819431,-0.03423390540111959,0.8509479642423323,-0.7590677775205146,-0.6640879287489476,-29.863721132278442,-0.02469271421432495,-11.317573487758636,-0.4257379023414905,0.12475633528265107,-0.44834307992202727,-0.09161793372319693,0.4434697855750487,-0.5380116959064327,0.5769980506822612,1.8,0.6,2.7,1.8,0.6,2.7,1.8
0,129,-0.20151033997535706,-0.2295306921005249,0.42372338868709836,28.683835394952904,0.6241404993786615,0.10843327062267427,0.15597585660782176,0.9174343047113167,0.9978033403084954,0.3589913290414286,-20.85331529378891,0.03257468342781067,16.253581643104553,0.06310651765850553,0.4083820662768032,0.3235867446393763,-0.03801169590643272,0.5146198830409356,-0.46686159844054576,-0.4093567251461988,1.8,0.6,2.7,1.8,0.6,2.7,1.8
0,130,-0.2149832397699356,-0.14305002987384796,0.3629449003424714,29.046780295295378,0.2368357890446453,0.8867512444113606,0.43376762428761495,-0.014063688434688082,-0.2534092190772421,0.3060838762568898,-20.151033997535706,-0.008274614810943604,-3.170076012611389,-0.01110185235600972,0.3820662768031189,0.07017543859649122,0.0935672514619883,0.5555555555555556,0.5984405458089668,0.2085769980506822,1.8,0.6,2.7,1.8,0.6,2.7,1.8
0,131,-0.2287643998861313,-0.31641292572021484,0.07815400563513375,29.124934300930512,-0.0007655657614780154,-0.584890257434654,0.30239036185467394,-0.5936226352602285,0.44052749778992384,0.19286319667811824,-21.49832397699356,0.03852546215057373,8.648066222667694,0.0674147510216383,0.14230019493177393,0.537037037037037,0.25048732943469787,-0.012670565302144277,-0.1578947368421053,0.1929824561403508,1.8,0.6,2.7,1.8,0.6,2.7,1.8
0,132,-0.21120768785476685,-0.2911268472671509,0.18477640961262407,29.309710710543136,0.18567529929301574,-0.3005321201863542,0.4854019224296826,0.6038480699352835,-0.06571249153588687,-0.45575742966341015,-22.87643998861313,-0.03961697220802307,-17.33628958463669,-0.34779086534047143,-0.0019493177387914784,-0.35964912280701755,0.19005847953216382,-0.36744639376218324,0.2592592592592593,0.11306042884990264,1.8,0.6,2.7,1.8,0.6,2.7,1.8
0,133,-0.27064427733421326,-0.330162912607193,-0.09020470031790354,29.21950601022523,-0.5636760257160425,-0.17389222684924066,-0.5221317083657344,-0.5017608511308198,-0.8841248711849707,0.6176798110944508,-21.120768785476685,-0.014716386795043945,2.5286078453063965,-0.24681951617419096,0.10331384015594547,-0.19395711500974655,0.2807017543859649,0.36744639376218324,-0.03898635477582846,-0.27875243664717353,1.8,0.6,2.7,1.8,0.6,2.7,1.8
0,134,-0.22536598145961761,-0.15292930603027344,0.28499622698968385,29.504502237214915,0.8119865971416247,0.2747008450387354,0.9230517238100064,-0.20519067458630902,-0.6339977254607312,-0.4370703898704109,-27.064427733421326,-0.016842782497406006,-3.9036065340042114,-0.5036300133822897,-0.347953216374269,-0.10818713450292394,-0.31384015594541914,-0.3109161793372319,-0.5331384015594542,0.3723196881091617,1.8,0.6,2.7,1.8,0.6,2.7,1.8
0,135,-0.31025734543800354,-0.35481077432632446,-0.040429754561730785,29.464072482653183,0.25699802211284184,-0.9559543073995751,-0.2986934946711888,-0.06609530450593071,-0.0819562596561092,0.3587181405425264,-22.53659814596176,0.0611625611782074,17.723360657691956,0.14202323583857068,0.49610136452241704,0.16276803118908378,0.5545808966861598,-0.12962962962962965,-0.3898635477582846,-0.26608187134502925,1.8,0.6,2.7,1.8,0.6,2.7,1.8
0,136,-0.21296089887619019,-0.1778562068939209,0.3695672042191093,29.833639686872292,0.6282198522034597,0.01373796953908446,0.8023142631522171,0.08826794388775583,-0.7338122960869844,0.6104129911727512,-31.025734543800354,-0.014165788888931274,-20.188146829605103,-0.44316054847856806,0.14912280701754388,-0.5847953216374269,-0.1842105263157895,-0.04483430799220278,-0.05458089668615984,0.21539961013645215,1.8,0.6,2.7,1.8,0.6,2.7,1.8
0,137,-0.2604706883430481,-0.3387034833431244,0.14214147968978724,29.97578116656208,0.5154224524588829,-0.579502914303974,-0.45220971723537606,-0.1645799283994942,-0.1355817206015011,0.23273471677033641,-21.29608988761902,-0.002477318048477173,17.695456743240356,0.06145319519438822,0.3820662768031189,0.011695906432748648,0.4892787524366471,0.050682261208577106,-0.435672514619883,0.36257309941520477,1.8,0.6,2.7,1.8,0.6,2.7,1.8
0,138,-0.27516892552375793,-0.34181109070777893,-0.14058039904386588,29.835200767518213,-0.9075136805920125,0.26583955840848916,-0.5229418729003201,0.7607899549965751,0.4798183126149953,-0.6402907438683942,-26.04706883430481,-0.03267452120780945,-16.08472764492035,-0.27420568936022643,0.31189083820662766,-0.3528265107212476,-0.27680311890838205,-0.10526315789473684,-0.08674463937621835,0.14230019493177393,1.8,0.6,2.7,1.8,0.6,2.7,1.8
0,139,-0.24667777121067047,-0.3155321180820465,0.20746901613807123,30.042669783656283,0.6752003503483666,-0.7383381446159702,0.43236628692951373,-0.33875532230378647,0.40679529842333984,-0.8198890904653175,-27.516892552375793,0.008193403482437134,-0.3107607364654541,-0.5527299172716624,-0.5623781676413255,0.1578947368421053,-0.3255360623781677,0.4619883040935673,0.29337231968810906,-0.3908382066276803,1.8,0.6,2.7,1.8,0.6,2.7,1.8
0,140,-0.2464936524629593,-0.3208419978618622,0.0006039857795532982,30.043273769435835,-0.4137007803261137,-0.3678836431869965,0.3704666347611123,-0.6906746763629066,-0.5004026525018257,-0.2018798470568821,-24.667777121067047,-0.034055113792419434,2.627897262573242,-0.21296004206484376,0.41033138401559444,-0.45808966861598444,0.2543859649122806,-0.2115009746588694,0.25536062378167634,-0.4892787524366472,1.8,0.6,2.7,1.8,0.6,2.7,1.8
0,141,-0.28023606538772583,-0.343490332365036,0.14145574462868032,30.184729514064514,0.750982606821218,-0.9357667718914138,0.0042627394285614795,0.8334759684735393,0.2834806442588491,-0.5943328599584627,-24.64936524629593,0.025082379579544067,-0.5309879779815674,-0.4198805183016257,-0.2573099415204678,-0.22904483430799216,0.2192982456140351,-0.42592592592592593,-0.30116959064327486,-0.1306042884990254,1.8,0.6,2.7,1.8,0.6,2.7,1.8
0,142,-0.2484123557806015,-0.32634514570236206,0.2292378539477518,30.413967368012266,0.7430385594418238,-0.567272713460629,0.32522951151390167,-0.6397376904374874,0.7150406892533698,-0.8156585065583974,-28.023606538772583,0.030139833688735962,-2.264833450317383,-0.2692820410494859,0.4541910331384016,-0.5692007797270955,0.0029239766081872176,0.5077972709551657,0.16471734892787526,-0.3615984405458089,1.8,0.6,2.7,1.8,0.6,2.7,1.8
0,143,-0.2066827416419983,-0.22270144522190094,0.3433883484649244,30.75735571647719,0.20266917689697572,0.03228401364530975,0.9343515144617474,-0.13901630418341204,-0.581700121166054,-0.6738600303292002,-24.84123557806015,-0.10803490877151489,1.714518666267395,-0.19067009898290432,0.44541910331384016,-0.3557504873294347,0.18518518518518512,-0.39766081871345027,0.42884990253411304,-0.49317738791423005,1.8,0.6,2.7,1.8,0.6,2.7,1.8
0,144,-0.24972915649414062,-0.343032568693161,0.027538515044162035,30.784894231521353,-0.11737290273596468,-0.3179221194234878,-0.22232441358811572,-0.004541703147055154,0.82417170233373,0.30151406977453155,-20.66827416419983,0.10168105363845825,10.364370048046112,-0.08970469051737524,0.11890838206627685,0.015594541910331383,0.5526315789473684,-0.08869395711500971,-0.3528265107212476,-0.4171539961013645,1.8,0.6,2.7,1.8,0.6,2.7,1.8
0,145,-0.2014646828174591,-0.22555948793888092,0.3699991258864892,31.154893357407843,0.2733604426916083,0.635353168368614,-0.3524429443681458,0.04310964151611274,0.7220751706419049,-0.9844502254122882,-24.972915649414062,-0.02582371234893799,-12.033112347126007,-0.3919753497169309,-0.06920077972709548,-0.19298245614035092,-0.14035087719298245,-0.006822612085769952,0.4970760233918128,0.1764132553606237,1.8,0.6,2.7,1.8,0.6,2.7,1.8
0,146,-0.20543518662452698,-0.2287740409374237,0.3502485339405985,31.50514189134844,0.3144824114806093,0.37583445684954486,-0.30284107709869756,0.5545865348595358,-0.8293073172819703,-0.8448744649606428,-20.14646828174591,0.028883665800094604,11.747308075428009,-0.0648415053782418,0.16276803118908378,0.3830409356725146,-0.22319688109161795,0.021442495126705596,0.4444444444444444,-0.6052631578947368,1.8,0.6,2.7,1.8,0.6,2.7,1.8
0,147,-0.23052877187728882,-0.30183982849121094,0.0023662777390446033,31.507508169087487,-0.5236642823817135,-0.2683077857104761,0.12578715084351266,-0.31974918033754185,-0.3396205194081743,-0.6327674144953259,-20.543518662452698,-0.008095800876617432,-0.32145529985427856,-0.08326025526521398,0.1871345029239766,0.22514619883040932,-0.1949317738791423,0.334307992202729,-0.49902534113060426,-0.5194931773879142,1.8,0.6,2.7,1.8,0.6,2.7,1.8
0,148,-0.24394385516643524,-0.2839756906032562,0.010964671350804242,31.518472840438292,-0.8379398164448242,0.9027740541803189,-0.9401906482418565,-0.012665032967101864,0.6659641488693997,0.3248857809840171,-23.052877187728882,-0.002247840166091919,-7.306578755378723,-0.42302428264095987,-0.3265107212475633,-0.16471734892787526,0.07699805068226118,-0.19980506822612087,-0.21345029239766078,-0.398635477582846,1.8,0.6,2.7,1.8,0.6,2.7,1.8
0,149,-0.22979651391506195,-0.3008682429790497,0.24989717071252096,31.768370011150814,0.5764720541328163,-0.30092876138364866,-0.5107600227029794,-0.7728470296747478,0.1959474325634083,0.16244350491685888,-24.394385516643524,-0.02289414405822754,1.7864137887954712,-0.4102903134905369,-0.5116959064327485,0.5467836257309941,-0.5721247563352827,-0.011695906432748537,0.4015594541910332,0.1929824561403508,1.8,0.6,2.7,1.8,0.6,2.7,1.8
0,150,-0.23017337918281555,-0.3053576350212097,0.16059158401625984,31.928961595167074,0.08036096707371643,0.16815246062657452,-0.7651308934424526,-0.4035529382905445,0.4853972030813283,-0.34759306290955516,-22.979651391506195,-0.0018827617168426514,-1.6892552375793457,-0.17572314549455226,0.3508771929824561,-0.18323586744639375,-0.31189083820662766,-0.4756335282651072,0.11598440545808963,0.10428849902534121,1.8,0.6,2.7,1.8,0.6,2.7,1.8
