Episode,Ind_Q1_Loss,Ind_Q2_Loss,Ind_Policy_Loss,Pop_Q1_Loss,Pop_Q2_Loss,Pop_Policy_Loss
5,0.17971298,0.18491963,-3.7376373,0,0,0
6,0.007651955,0.012123821,-6.5943127,0,0,0
7,0.0051784934,0.005780629,-10.190127,0,0,0
8,0.0052837916,0.020597596,-14.048088,0,0,0
9,0.021805761,0.010381959,-16.592094,0,0,0
10,0.013315246,0.011454295,-19.72324,0,0,0
11,0.0061486443,0.012477932,-22.08175,0,0,0
12,0.08045562,0.031206667,-25.20058,0,0,0
13,0.020437313,0.03937204,-27.879583,0,0,0
14,0.01733251,0.033066764,-29.942865,0,0,0
15,0.01458532,0.015022188,-32.4422,0,0,0
16,0.058028758,0.018840862,-33.71733,0,0,0
17,0.044433895,0.023339365,-35.739395,0,0,0
18,0.047622427,0.042942703,-36.95677,0,0,0
19,0.031937137,0.015904654,-38.625454,0,0,0
20,0.028023727,0.08572143,-39.71742,0,0,0
21,0.020250665,0.100761846,-40.478714,0,0,0
22,0.029217534,0.01083812,-41.86312,0,0,0
23,0.15549898,0.061101567,-42.175205,0,0,0
24,0.018739272,0.05727638,-43.514107,0,0,0
25,0.027954206,0.041811574,-44.624947,0,0,0
26,0.0282016,0.2148132,-45.210045,0,0,0
27,0.018798666,0.028522233,-46.044502,0,0,0
28,0.08658217,0.09442802,-46.11078,0,0,0
29,0.056914456,0.058771588,-48.62822,0,0,0
30,0.03028356,0.12706578,-49.22058,0,0,0
31,0.025904365,0.021444146,-48.877533,0,0,0
32,0.14358088,0.10783908,-48.981632,0,0,0
33,0.09008336,0.10814467,-48.973118,0,0,0
34,0.031628937,0.08003977,-54.006065,0,0,0
35,0.06264036,0.09197074,-50.912792,0,0,0
36,0.032648962,0.08309212,-52.220627,0,0,0
37,0.07676493,0.01835762,-49.984165,0,0,0
38,0.31007627,0.07089354,-53.588455,0,0,0
39,0.13905594,0.02401427,-55.03133,0,0,0
40,0.02139851,0.19526398,-53.686676,0,0,0
41,0.03466966,0.08905463,-54.32709,0,0,0
