Episode,Timestep,X_Position,Y_Position,Rewards,Cumulative_Rewards,Motor1_Action,Motor2_Action,Motor3_Action,Motor4_Action,Motor5_Action,Motor6_Action,X_State,Y_State,Z_State,Y_Heading,Motor1_Pos,Motor2_Pos,Motor3_Pos,Motor4_Pos,Motor5_Pos,Motor6_Pos,Plate1,Plate2,Plate3,Plate4,Plate5,Plate6,Plate7
0,0,0.03571107238531113,-0.03453254699707031,0.41278513667525596,0.41278513667525596,-0.6054661463724706,0.4156299644554071,0.0320590149743738,0.8141184474763561,-0.047439130762606974,-0.2840423409963104,1.7801806330680847,0.0,0.0,0.0,-0.0009746588693957392,0.0009746588693957392,0.015594541910331383,0.0029239766081872176,-0.0019493177387914784,0.004873294346978474,1.8,0.6,2.7,1.8,0.6,2.7,1.8
0,1,0.1064901277422905,0.1437387466430664,0.06714935559223298,0.47993449226748897,-0.42179901056466274,-0.6469947943981906,-0.7392531923020278,-0.2571257296957812,-0.059225246249504204,-0.3315734785416198,3.5711072385311127,6.946903467178345,-3.4532546997070312,-0.09128782762176225,-0.37816764132553604,0.232943469785575,0.0009746588693957392,0.4649122807017543,-0.04873294346978563,-0.18323586744639375,1.8,0.6,2.7,1.8,0.6,2.7,1.8
0,2,0.17674893140792847,0.19058188796043396,-0.08934485469653436,0.3905896375709546,-0.522487398668753,-0.9695403025036233,-0.9593174130331226,-0.04343272967029521,-0.20761773921913473,-0.44595558533071,10.64901277422905,0.028944015502929688,17.827129364013672,-0.4038278008678752,-0.26315789473684215,-0.38888888888888884,-0.43177387914230014,-0.14912280701754388,-0.0292397660818714,-0.19103313840155944,1.8,0.6,2.7,1.8,0.6,2.7,1.8
0,3,0.058868881314992905,0.0748603492975235,0.2066610782022948,0.5972507157732494,-0.7940359496450566,0.184300918242293,0.13325237589936179,-0.43438800712692416,-0.46419097107398,0.17387023935021095,17.674893140792847,-0.020682066679000854,4.684314131736755,-0.5327799951988224,-0.31676413255360625,-0.5818713450292398,-0.5584795321637427,-0.023391812865497075,-0.11793372319688111,-0.2621832358674464,1.8,0.6,2.7,1.8,0.6,2.7,1.8
0,4,0.09801726043224335,-0.08895722031593323,0.2054376219099892,0.8026883376832386,0.4319467872159155,0.7383830801790567,0.34394968977346085,-0.6281605722128669,-0.0872869535332994,0.07219707520209462,5.8868881314992905,0.07071122527122498,-11.572153866291046,-0.285932677100223,-0.48830409356725146,0.10233918128654973,0.05750487329434706,-0.28460038986354774,-0.297270955165692,0.09649122807017552,1.8,0.6,2.7,1.8,0.6,2.7,1.8
0,5,0.172239288687706,-0.16774378716945648,0.17035453879298584,0.9730428764762244,-0.15843535355977045,0.980255584253827,0.6150802174034564,0.4277452800638972,-0.6654675653030411,0.46917471217198026,9.801726043224335,-0.13279542326927185,-16.381756961345673,0.2691998310994184,0.26315789473684204,0.43957115009746595,0.18323586744639386,-0.40545808966861596,-0.07407407407407407,0.040935672514619936,1.8,0.6,2.7,1.8,0.6,2.7,1.8
0,6,0.09347451478242874,-0.11622029542922974,0.14905537770411276,1.1220982541803373,0.8887090852906427,0.22215388038472095,-0.12085347041315053,-0.14985712129458473,0.23483705499004737,0.5753998984131055,17.2239288687706,-0.0737994909286499,-7.878656685352325,0.2747068548526512,-0.10916179337231968,0.5789473684210527,0.34405458089668617,0.23586744639376223,-0.42690058479532167,0.26803118908382073,1.8,0.6,2.7,1.8,0.6,2.7,1.8
0,7,0.07620783895254135,0.005597126670181751,0.19136076504481922,1.3134590192251565,-0.9790920557188096,-0.5052339111971218,0.5613650087331903,-0.6834281341218837,0.5453925703001179,-0.1678404045053925,9.347451478242874,0.05689859390258789,5.152349174022675,0.32757671411240824,0.5380116959064327,0.12962962962962954,-0.07017543859649122,-0.08576998050682261,0.1442495126705654,0.3362573099415205,1.8,0.6,2.7,1.8,0.6,2.7,1.8
0,8,0.09808208048343658,-0.053905364125967026,0.4652947199145805,1.778753739139737,-0.5341128200249508,0.9361091374485027,-0.46531146432385273,-0.1302229554221701,0.8477994483940576,0.26991447267527646,7.620783895254135,0.10770484805107117,12.181742209941149,-0.2930629079908044,-0.6042884990253412,-0.29532163742690054,0.34892787524366464,-0.39766081871345027,0.331384015594542,-0.09941520467836262,1.8,0.6,2.7,1.8,0.6,2.7,1.8
0,9,0.09423953294754028,-0.07686511427164078,0.23759751181089186,2.016351250950629,0.7043705009773682,-0.2757660486789135,0.251642869222789,-0.0215517243884511,-0.165933856510752,-0.21243842970894544,9.808208048343658,-0.09676069021224976,-5.950249079614878,-0.009314435366103484,-0.33820662768031184,0.5594541910331383,-0.3001949317738791,-0.09064327485380119,0.5116959064327486,0.1520467836257311,1.8,0.6,2.7,1.8,0.6,2.7,1.8
0,10,0.0657796561717987,0.023587806150317192,0.28454913891963207,2.300900389870261,-0.7502277064061162,-0.017776616831988834,0.0031943455158265355,-0.39694102598446435,-0.25767096288390157,-0.1859272976586286,9.423953294754028,0.005219876766204834,-2.295975014567375,0.23869708594790653,0.4259259259259258,-0.16764132553606237,0.15594541910331383,-0.016569200779727122,-0.09746588693957114,-0.1228070175438597,1.8,0.6,2.7,1.8,0.6,2.7,1.8
0,11,0.1393919587135315,0.1401231586933136,0.449496375117236,2.7503967649874967,0.922960576089173,-0.5422736356470936,-0.38447314000125865,-0.9836975250981097,-0.5135941813711951,0.7468442851392334,6.577965617179871,0.06660968065261841,10.045292042195797,-0.20474576525681998,-0.46393762183235865,-0.007797270955165692,0.02729044834308003,-0.2115009746588694,-0.13840155945419108,-0.11208576998050679,1.8,0.6,2.7,1.8,0.6,2.7,1.8
0,12,0.10979340970516205,0.07253869622945786,0.3973980070094899,3.1477947719969865,0.5457696398180352,0.009966250827708967,0.20293116865601224,-0.2670362864400597,-0.7098483299181995,-0.3693462055361276,13.93919587135315,-0.0346943736076355,11.65353525429964,0.007979989675735528,0.5653021442495128,-0.32163742690058483,-0.21442495126705652,-0.5730994152046784,-0.29532163742690054,0.46101364522417154,1.8,0.6,2.7,1.8,0.6,2.7,1.8
0,13,0.17543300986289978,0.1679532527923584,-0.02983053886483797,3.1179642331321484,-0.8147177825842538,-0.7327050385331597,0.7038817788184157,-0.9504917099438295,0.5210847052498189,0.13720936266194927,10.979340970516205,0.015957653522491455,-6.758446246385574,0.07217299918799461,0.3284600389863548,-0.003898635477582846,0.10526315789473695,-0.1793372319688109,-0.435672514619883,-0.2241715399610137,1.8,0.6,2.7,1.8,0.6,2.7,1.8
0,14,0.1212722659111023,-0.050817590206861496,0.27660739827145386,3.3945716314036023,0.3799521355200801,0.4825690644454357,-0.21229009526075227,0.6235166271853279,0.11634439081677139,0.9437498580820323,17.543300986289978,-0.012677162885665894,9.541455656290054,-0.4737383298838429,-0.5107212475633529,-0.4551656920077972,0.4220272904483431,-0.5974658869395711,0.3021442495126705,0.06237816764132553,1.8,0.6,2.7,1.8,0.6,2.7,1.8
0,15,0.1435437947511673,0.10838115960359573,0.33305103939839287,3.727622670801995,0.3400945524978578,-0.8540396596131274,-0.900008330944754,0.9623145365306529,-0.06725744995159655,0.1776705757379411,12.12722659111023,-0.04154294729232788,-21.87708429992199,0.1881665648464974,0.22319688109161784,0.27387914230019494,-0.17056530214424948,0.2787524366471734,0.05165692007797262,0.5555555555555556,1.8,0.6,2.7,1.8,0.6,2.7,1.8
0,16,0.11241938173770905,0.07482757419347763,0.3246466360235077,4.052269306825503,-0.06905439369643607,-0.7556977119880983,0.9111538453197741,0.10652736391600404,-0.09905753999466138,-0.11518793232093194,14.35437947511673,0.03165155649185181,15.919874981045723,-0.12279923893294817,0.20955165692007793,-0.5155945419103314,-0.5263157894736843,0.5925925925925926,-0.03606237816764135,0.10916179337231968,1.8,0.6,2.7,1.8,0.6,2.7,1.8
0,17,0.16130807995796204,-0.0013814880512654781,0.26247980220315137,4.314749109028654,-0.7568558986128004,-0.4179510583255921,0.5127641456074177,0.9083811611784696,0.9518424716794869,-0.14977798773968098,11.241938173770905,0.013647228479385376,-3.3553585410118103,-0.1438147945028801,-0.0536062378167641,-0.48245614035087714,0.5146198830409356,0.04873294346978563,-0.06822612085769986,-0.0828460038986355,1.8,0.6,2.7,1.8,0.6,2.7,1.8
0,18,0.10224902629852295,0.07061294466257095,0.23949368088102113,4.554242789909675,-0.9855858966465814,0.0356368465761685,-0.17662704869039514,0.16654204190745947,-0.7292699970928329,0.27872039871574783,16.130807995796204,-0.04001259803771973,-7.620906224474311,-0.18660049662445616,-0.469785575048733,-0.2699805068226121,0.28557504873294337,0.5331384015594542,0.5750487329434697,-0.09551656920077978,1.8,0.6,2.7,1.8,0.6,2.7,1.8
0,19,0.1619766503572464,-0.0630195215344429,0.24989696359290464,4.80413975350258,0.027439170767146637,0.6406894282446713,0.6609700434121977,-0.4426189516346726,0.8632746891069143,-0.8595538310547257,10.224902629852295,0.061915814876556396,7.199443271383643,-0.2333059487857988,-0.5955165692007798,0.032163742690058506,-0.08089668615984402,0.11793372319688111,-0.4015594541910331,0.1734892787524367,1.8,0.6,2.7,1.8,0.6,2.7,1.8
0,20,0.12000410258769989,0.14052370190620422,0.1483404108994906,4.95248016440207,-0.8508472007960763,0.06314874092141931,-0.635706595050372,-0.3476165124727073,0.5808258037406995,0.9011978967960874,16.19766503572464,-0.10703206062316895,-13.363246619701385,0.19893436667164713,0.012670565302144166,0.3742690058479532,0.368421052631579,-0.2933723196881092,0.5107212475633529,-0.530214424951267,1.8,0.6,2.7,1.8,0.6,2.7,1.8
0,21,0.10570453852415085,0.08007383346557617,0.32851700220675534,5.280997166608826,-0.657982557617991,0.26391597988961757,0.010453212934082634,0.1429274816219086,-0.957284803691985,-0.8985250189421508,12.000410258769989,0.11187642812728882,20.354322344064713,-0.31695678194782617,-0.5233918128654971,0.04580896686159841,-0.37231968810916183,-0.20662768031189083,0.3576998050682261,0.5419103313840157,1.8,0.6,2.7,1.8,0.6,2.7,1.8
0,22,0.09934917092323303,0.14108707010746002,0.41501590996179016,5.696013076570615,0.13753930339359544,0.09348692146122572,-0.4888069916717144,-0.5646107077957989,0.9019577316542571,0.007280634127132091,10.570453852415085,-0.027383118867874146,-6.044986844062805,-0.14279627874168707,-0.40838206627680307,0.1578947368421053,0.004873294346978474,0.09064327485380108,-0.5740740740740741,-0.550682261208577,1.8,0.6,2.7,1.8,0.6,2.7,1.8
0,23,0.09872353821992874,0.024803021922707558,0.3258160633189755,6.021829139889591,0.43712475287739805,-0.029890897190564703,0.27405582999804623,0.47702265222448625,-0.9051361873685453,0.5905243461993963,9.934917092323303,0.0005744397640228271,6.101323664188385,-0.05904100647298994,0.08089668615984413,0.06237816764132553,-0.30116959064327486,-0.3557504873294347,0.5126705653021442,-0.00974658869395717,1.8,0.6,2.7,1.8,0.6,2.7,1.8
0,24,0.10088352113962173,0.11176760494709015,0.40096715961891094,6.4227962995085015,0.20537591206600303,-0.7010212936512585,-0.250069893623843,0.7963836640324713,0.5800152870007069,-0.412423257245057,9.872353821992874,-0.011329352855682373,-11.628404818475246,0.14851330537696236,0.2543859649122806,-0.020467836257309968,0.14814814814814814,0.2807017543859649,-0.5487329434697856,0.3469785575048734,1.8,0.6,2.7,1.8,0.6,2.7,1.8
0,25,0.17977507412433624,-0.06483282148838043,0.09543668005457803,6.51823297956308,0.41765022127188756,0.7813229428833564,-0.30567378863673333,0.937557099861912,0.06208384073355422,0.31284551534192784,10.088352113962173,0.01795738935470581,8.69645830243826,-0.07242337504324294,0.12183235867446385,-0.4249512670565302,-0.15692007797270957,0.46686159844054576,0.3362573099415205,-0.26900584795321636,1.8,0.6,2.7,1.8,0.6,2.7,1.8
0,26,0.1998775750398636,-0.07168637216091156,0.018290466478362744,6.536523446041443,0.6696585614712798,0.7845479772628043,-0.020369996242139754,-0.607802037847976,0.9425018007578756,0.6515067834780623,17.977507412433624,-0.08734017610549927,-17.660042643547058,0.34691741682986676,0.2465886939571149,0.4649122807017543,-0.20272904483430798,0.5448343079922027,0.023391812865497075,0.1764132553606237,1.8,0.6,2.7,1.8,0.6,2.7,1.8
0,27,0.09615910798311234,0.12796516716480255,0.2919352584648369,6.8284587045062795,-0.23558185344242188,-0.6564028545338592,-0.5509660185284302,-0.18906637992406594,0.8451401407601933,0.8404724390533367,19.98775750398636,-0.0039577484130859375,-0.6853550672531128,0.4170862441392466,0.39766081871345027,0.46588693957115,-0.012670565302144277,-0.3606237816764133,0.5838206627680311,0.38109161793372315,1.8,0.6,2.7,1.8,0.6,2.7,1.8
0,28,0.09012860059738159,0.12875953316688538,0.24322483341266568,7.071683537918945,-0.9929858766825246,0.24877719705754164,0.42149725891163303,-0.33785856392654634,-0.3298603246387639,-0.8414707624335622,9.615910798311234,0.10443851351737976,19.96515393257141,-0.18351533929347724,-0.14814814814814814,-0.39473684210526316,-0.3079922027290448,-0.10233918128654973,0.5253411306042886,0.4970760233918128,1.8,0.6,2.7,1.8,0.6,2.7,1.8
0,29,0.0867677703499794,0.16165536642074585,0.27147971524251124,7.343163253161457,-0.7352921061961237,0.45389595521891857,-0.3727038377404144,-0.8898690797837929,0.1149492861839696,-0.11306294111948434,9.01286005973816,0.018406659364700317,0.07943660020828247,-0.23489094466527705,-0.6101364522417154,0.1442495126705654,0.24171539961013644,-0.21052631578947367,-0.2007797270955166,-0.5155945419103314,1.8,0.6,2.7,1.8,0.6,2.7,1.8
0,30,0.11229642480611801,0.20729152858257294,0.16842227474056096,7.511585527902017,-0.3695921945276577,-0.9744173632803579,0.6289497799431909,-0.23720964368497066,0.07172336081476449,-0.8956560879050754,8.67677703499794,0.07406249642372131,3.2895833253860474,-0.20813890974729252,-0.45321637426900585,0.2777777777777777,-0.20175438596491224,-0.5146198830409356,0.07309941520467844,-0.07309941520467833,1.8,0.6,2.7,1.8,0.6,2.7,1.8
0,31,0.1094459518790245,0.08142729103565216,0.28449321327367816,7.7960787411756955,0.36197169973753107,0.8111038811139069,-0.042449372977156896,-0.4228377155146259,-0.45286994198356867,0.3250340568685912,11.229642480611801,-0.03960952162742615,4.563616216182709,-0.30009094749707876,-0.22319688109161795,-0.5906432748538012,0.371345029239766,-0.15984405458089668,0.03606237816764124,-0.5448343079922027,1.8,0.6,2.7,1.8,0.6,2.7,1.8
0,32,0.24065637588500977,-0.08608487993478775,0.060596647168207465,7.856675388343903,0.4547803801055026,0.16377794688094816,0.9410034058005714,0.36973225516141905,0.9847304396847818,-0.4411506168292454,10.94459518790245,-0.0707283616065979,-12.586423754692078,0.1852251538496475,0.21442495126705663,0.4814814814814814,-0.03606237816764135,-0.2621832358674464,-0.2699805068226121,0.19103313840155955,1.8,0.6,2.7,1.8,0.6,2.7,1.8
0,33,0.22825922071933746,-0.0654287189245224,0.011737934270420802,7.868413322614324,0.3660491698758013,0.8623463266796314,0.011180795692435685,-0.16696053135282285,0.4481535165985373,0.4581538775383658,24.065637588500977,-0.0584721565246582,-16.75121709704399,0.3616590022466375,0.2641325536062378,0.09064327485380108,0.5467836257309941,0.19883040935672525,0.5808966861598441,-0.29044834307992207,1.8,0.6,2.7,1.8,0.6,2.7,1.8
0,34,0.2642005980014801,-0.08469391614198685,0.026708272757983445,7.8951215953723075,0.21231122311978678,0.6989369956630511,0.9721597141243481,0.3700368403402676,0.25302613762693693,-0.2712287417551511,22.825922071933746,-0.010278820991516113,2.065616101026535,0.41436609900332855,0.22319688109161784,0.5282651072124755,0.026315789473684292,-0.08674463937621835,0.28167641325536064,0.27387914230019494,1.8,0.6,2.7,1.8,0.6,2.7,1.8
0,35,0.1495600938796997,-0.0021669683046638966,0.2757159060067112,8.170837501379019,-0.11820961689752907,0.5709569253235252,0.4410981790137225,-0.8505848005731858,0.1671097420417973,-0.47401735422274993,26.42005980014801,0.011369585990905762,-1.9265197217464447,0.3885590278076282,0.12183235867446385,0.4142300194931774,0.5536062378167641,0.2007797270955165,0.14035087719298245,-0.17543859649122806,1.8,0.6,2.7,1.8,0.6,2.7,1.8
0,36,0.09661266207695007,0.22611698508262634,0.23346906073773283,8.404306562116751,-0.3709900693674755,-0.03315888063327721,-0.47635128712678765,-0.788123995548434,0.15494851555156508,0.9293332187356829,14.95600938796997,-0.0015079975128173828,8.252694783732295,0.17780780808362553,-0.06627680311890838,0.3576998050682261,0.29044834307992207,-0.4980506822612085,0.11306042884990264,-0.2748538011695907,1.8,0.6,2.7,1.8,0.6,2.7,1.8
0,37,0.14091992378234863,0.27817216515541077,0.23630920789397586,8.640615770010728,0.3570649555547023,-0.7732741750621752,-0.7924653044056222,0.6723929153317789,-0.19876817812550174,-0.9478159739413412,9.661266207695007,0.16596466302871704,22.828395338729024,-0.24178270892380674,-0.2241715399610137,-0.013645224171540016,-0.27192982456140347,-0.469785575048733,0.10526315789473695,0.5623781676413255,1.8,0.6,2.7,1.8,0.6,2.7,1.8
0,38,0.20888812839984894,-0.029131382703781128,0.0924943074700687,8.733110077480797,0.2649958312738043,0.8744607750088615,0.46832309760000856,0.5533424576941697,0.7249986397147805,0.9995453154983702,14.091992378234863,0.004223734140396118,5.205518007278442,-0.2205667584025592,0.2134502923976609,-0.4658869395711501,-0.4756335282651072,0.398635477582846,-0.11890838206627685,-0.5760233918128654,1.8,0.6,2.7,1.8,0.6,2.7,1.8
0,39,0.08112768083810806,0.12797796726226807,0.37283824305225394,9.10594832053305,-0.2956506326959203,-0.06574351655784838,-0.7914819225541871,0.30201949215085233,0.6122793361875667,0.08171543874531095,20.888812839984894,-0.08500590920448303,-30.73035478591919,0.3398669466374887,0.15594541910331383,0.48050682261208566,0.2134502923976609,0.29337231968810906,0.4035087719298245,0.560428849902534,1.8,0.6,2.7,1.8,0.6,2.7,1.8
0,40,0.20386400818824768,-0.004045066423714161,0.07168495036337089,9.177633270896422,0.32436621635851526,0.9080233011160412,0.5859141318789334,0.526895570723972,-0.5739891275243181,-0.3549041253051488,8.112768083810806,-0.014949589967727661,15.71093499660492,-0.10933098452018868,-0.17446393762183232,-0.02729044834307992,-0.39473684210526316,0.2007797270955165,0.3820662768031189,0.05458089668615984,1.8,0.6,2.7,1.8,0.6,2.7,1.8
0,41,0.09920910000801086,0.15111161768436432,0.4255816869894784,9.6032149578859,0.6056197858115555,-0.8721380345650103,0.09752975442205525,0.7229780326180104,-0.7984704842176691,-0.3925809559496489,20.386400818824768,-0.07195174694061279,-13.202303368598223,0.3623492854564808,0.18810916179337234,0.5380116959064327,0.33040935672514626,0.30409356725146197,-0.368421052631579,-0.22904483430799216,1.8,0.6,2.7,1.8,0.6,2.7,1.8
0,42,0.10538801550865173,0.13483372330665588,0.45093597437171673,10.054150932257617,-0.5733112285538176,0.9085289247867441,0.35706338259967985,-0.33786911950088183,-0.038138066797736236,-0.7105271565653493,9.920910000801086,0.08329376578330994,15.515668410807848,0.04853619089730109,0.3664717348927875,-0.5077972709551657,0.08674463937621835,0.44541910331384016,-0.48245614035087714,-0.2378167641325536,1.8,0.6,2.7,1.8,0.6,2.7,1.8
0,43,0.08019251376390457,0.23948214948177338,0.2633891989516943,10.317540131209311,-0.3261479592781069,-0.46503986111890105,-0.010587373747285245,0.4069660697633961,-0.21220932522963998,0.8799701930192221,10.538801550865173,-0.014159083366394043,-1.6277894377708435,-0.020512921716992753,-0.3606237816764133,0.5409356725146199,0.20955165692007793,-0.20955165692007793,-0.01949317738791423,-0.4278752436647173,1.8,0.6,2.7,1.8,0.6,2.7,1.8
0,44,0.08592153340578079,0.14681167900562286,0.40105300662213544,10.718593137831446,0.3878909850777861,-0.23979938087736352,0.39484510616543544,0.9828031797366197,-0.4068303791616181,-0.39049337239910686,8.019251376390457,0.11111944913864136,10.46484261751175,-0.21920642352351966,-0.20175438596491224,-0.2826510721247564,0.004873294346978474,0.24269005847953218,-0.14327485380116955,0.5263157894736843,1.8,0.6,2.7,1.8,0.6,2.7,1.8
0,45,0.09180806577205658,0.24670936167240143,0.1899758790461821,10.908569016877628,-0.6009196036245676,-0.17622780253115677,-0.46313609909217557,0.23384923570347582,0.3004387665353414,0.24191755780358437,8.59215334057808,-0.0926576554775238,-9.267047047615051,0.07894602040443964,0.23196881091617927,-0.15886939571150094,0.21442495126705663,0.5692007797270955,-0.2573099415204678,-0.23879142300194933,1.8,0.6,2.7,1.8,0.6,2.7,1.8
0,46,0.1205475851893425,0.3048398494720459,0.1530231732012663,11.061592190078894,-0.2734279564591171,-0.9307096029098094,0.23285843669538542,-0.7326136635637941,0.5215682023160122,0.710838507684691,9.180806577205658,0.09940788149833679,9.989768266677856,-0.28739361870201935,-0.37816764132553604,-0.10526315789473684,-0.2641325536062378,0.16276803118908378,0.19005847953216382,0.14912280701754388,1.8,0.6,2.7,1.8,0.6,2.7,1.8
0,47,0.08997233957052231,0.2829289734363556,0.33255485788620814,11.394147047965102,0.179064206133563,-0.08397662883153312,-0.7721734139430965,0.11869526178588519,0.4353014955671981,-0.36473662054772227,12.05475851893425,0.020059198141098022,5.813048779964447,-0.3120495817821386,-0.17153996101364521,-0.5545808966861598,0.15886939571150105,-0.42690058479532167,0.3265107212475633,0.4307992202729045,1.8,0.6,2.7,1.8,0.6,2.7,1.8
0,48,0.09210880845785141,0.22385376691818237,0.3296379555162181,11.723785003481321,-0.5988592989950612,0.7002154477209237,0.3721475976802724,-0.6281478069868223,0.4997090822420591,-0.37338273798080457,8.99723395705223,-0.019553303718566895,-2.1910876035690308,-0.14563051517053383,0.09941520467836251,-0.059454191033138426,-0.4658869395711501,0.0750487329434697,0.27192982456140347,-0.22027290448343084,1.8,0.6,2.7,1.8,0.6,2.7,1.8
0,49,0.1968228667974472,0.4447246193885803,0.1404199215678073,11.864204925049128,0.40106462002120047,-0.6887216964411582,-0.15741545596702444,-0.8706470897327996,-0.6286167013390316,-0.8057991663000261,9.210880845785141,-0.05278363823890686,-5.907520651817322,-0.14759823590406473,-0.3693957115009746,0.41033138401559444,0.1978557504873295,-0.39961013645224175,0.28557504873294337,-0.23391812865497075,1.8,0.6,2.7,1.8,0.6,2.7,1.8
0,50,0.22385714948177338,0.4458831250667572,0.10181737451659503,11.966022299565722,0.580317526156316,-0.7731470622924863,-0.5065486665232577,0.059084821671953947,0.015265295240904475,-0.6042437895380608,19.68228667974472,0.1580066978931427,22.087085247039795,-0.2959945876052216,0.2407407407407407,-0.41812865497076024,-0.07699805068226118,-0.5136452241715399,-0.37524366471734893,-0.4756335282651072,1.8,0.6,2.7,1.8,0.6,2.7,1.8
0,51,0.21190710365772247,0.43678757548332214,-0.08894807595674536,11.877074223608977,-0.4791042401019583,-0.40331465120259646,-0.7171738612789058,0.4672672962664115,0.033737398551186404,-0.7106339430454245,22.385714948177338,0.0070855021476745605,0.11585056781768799,-0.3256821206710052,0.34307992202729043,-0.4844054580896686,-0.33040935672514615,0.0029239766081872176,-0.012670565302144277,-0.38596491228070173,1.8,0.6,2.7,1.8,0.6,2.7,1.8
0,52,0.2196253091096878,0.44339337944984436,-0.1724134639017424,11.704660759707235,-0.9619657713030105,-0.321174308780811,-0.7659118395634625,-0.44138336826779545,-0.5032165343146184,0.17448368817131832,21.190710365772247,-0.03306493163108826,-0.9095549583435059,-0.5203141021211714,-0.2962962962962963,-0.2641325536062378,-0.4600389863547758,0.24951267056530213,-0.005847953216374324,-0.4405458089668616,1.8,0.6,2.7,1.8,0.6,2.7,1.8
0,53,0.15129908919334412,0.3894413411617279,0.2017733243278656,11.9064340840351,-0.3925421237580007,0.7783053868596284,-0.5560357212332823,-0.872103485351613,-0.7817183083944392,0.7357543850095452,21.96253091096878,-0.011155009269714355,0.6605803966522217,-0.6012690134760138,-0.5857699805068226,-0.19298245614035092,-0.45906432748538006,-0.24171539961013644,-0.2884990253411306,0.10331384015594547,1.8,0.6,2.7,1.8,0.6,2.7,1.8
0,54,0.21118347346782684,0.0791822001338005,-0.03641988706422003,11.87001419697088,0.9702229419207902,0.811334097736591,0.7433617340405354,0.7184662624775262,0.6738651215243565,-0.2347254021447862,15.129908919334412,-0.009542703628540039,-5.3952038288116455,-0.2510843959632262,-0.2485380116959064,0.4678362573099415,-0.3508771929824561,-0.5224171539961013,-0.4649122807017544,0.4405458089668617,1.8,0.6,2.7,1.8,0.6,2.7,1.8
0,55,0.0895642638206482,0.16933265328407288,0.42939321604017966,12.29940741301106,-0.023658140854281307,-0.2862740616322841,-0.0015854628535310056,0.1756555096753789,-0.7650849580418024,0.7933290921737148,21.118347346782684,-0.11508390307426453,-31.02591410279274,0.46802377937883016,0.5769980506822612,0.462962962962963,0.3206627680311891,0.08479532163742687,0.3508771929824561,-0.1578947368421053,1.8,0.6,2.7,1.8,0.6,2.7,1.8
0,56,0.08960207551717758,0.25126785039901733,0.2895540984832639,12.588961511494324,-0.3149708972643157,0.03171519949459567,0.044442154693754565,-0.1482920761357387,-0.2854784959386272,-0.015667935062938954,8.95642638206482,-0.03401264548301697,9.015045315027237,-0.04897403259887293,-0.010721247563352798,-0.15886939571150094,0.032163742690058506,0.13742690058479523,-0.4200779727095516,0.4766081871345029,1.8,0.6,2.7,1.8,0.6,2.7,1.8
0,57,0.10487543046474457,0.24176567792892456,0.3860590515142412,12.975020563008565,0.3619319182878873,-0.8281051572499154,0.3863451174322836,0.38742918857188924,-0.13197916790425923,-0.5729772631251577,8.960207551717758,0.09500682353973389,8.193519711494446,-0.18879629003199783,-0.19200779727095518,0.005847953216374213,0.01949317738791434,-0.09454191033138404,-0.182261208576998,-0.00877192982456143,1.8,0.6,2.7,1.8,0.6,2.7,1.8
0,58,0.10960265249013901,0.15236778557300568,0.40615144922009727,13.381172012228662,0.16789454187740382,-0.08337808069295849,0.9093272249886504,-0.12756999667307545,-0.5181607175593583,-0.4775388922559438,10.487543046474457,-0.05477219820022583,-0.9502172470092773,-0.0856096907565381,0.21637426900584789,-0.50682261208577,0.20955165692007793,0.21052631578947367,-0.10331384015594547,-0.347953216374269,1.8,0.6,2.7,1.8,0.6,2.7,1.8
0,59,0.13077053427696228,0.10067705810070038,0.31372591027675645,13.694897922505419,0.38098469787392353,-0.16804127725397855,0.6335139292599408,0.5998494854551826,0.13574414220390119,-0.7283241210091411,10.9602652490139,-0.05552247166633606,-8.939789235591888,0.06350044349519,0.09844054580896677,-0.05847953216374269,0.5311890838206628,-0.08869395711500971,-0.317738791423002,-0.3001949317738791,1.8,0.6,2.7,1.8,0.6,2.7,1.8
0,60,0.3013155162334442,-0.027107510715723038,0.04666438182136634,13.741562304326784,-0.0662207306160405,0.8782134619134072,0.6637777800355202,0.8872178467854848,-0.0009169069627978921,-0.40848827092321716,13.077053427696228,-0.032886117696762085,-5.16907274723053,0.14718147347964516,0.22124756335282658,-0.10916179337231968,0.36257309941520477,0.3450292397660819,0.067251461988304,-0.4405458089668616,1.8,0.6,2.7,1.8,0.6,2.7,1.8
0,61,0.11493299156427383,0.12717053294181824,0.4569658405090083,14.198528144835793,-0.14687853481925184,-0.10796084324692856,0.34968753108987594,-0.9263787383228093,0.24634019874037927,-0.08496515510674874,30.13155162334442,-0.011902302503585815,-12.778456881642342,0.35838877614544407,-0.041910331384015564,0.5243664717348928,0.37816764132553615,0.5,-0.016569200779727122,-0.2729044834307992,1.8,0.6,2.7,1.8,0.6,2.7,1.8
0,62,0.12617816030979156,0.1781010776758194,0.45700542879657835,14.655533573632372,-0.06685429301765344,0.14315540443604324,0.6834669238200557,-0.8576932760722216,-0.8162309096103502,0.6894792804184944,11.493299156427383,0.009141862392425537,15.427804365754128,0.01044029347686322,-0.08187134502923976,-0.051656920077972734,0.24756335282651065,-0.398635477582846,0.16666666666666674,-0.049707602339181256,1.8,0.6,2.7,1.8,0.6,2.7,1.8
0,63,0.1262894868850708,0.19204458594322205,0.38134624892810604,15.036879822560477,0.7303360119556914,-0.5060278701672833,0.6096711269869457,-0.31560878496673284,0.8770546827975185,-0.3887513650420267,12.617816030979156,0.030335038900375366,5.093054473400116,-0.005759967612752033,-0.05458089668615984,0.07894736842105265,0.4122807017543859,-0.5009746588693957,-0.46101364522417154,0.4142300194931774,1.8,0.6,2.7,1.8,0.6,2.7,1.8
0,64,0.16673828661441803,0.09876736253499985,0.27260175860795544,15.309481581168432,-0.027709340807431593,0.8908250840454379,-0.14826144741277147,0.7831354401834254,-0.636315270678099,0.606308765391993,12.62894868850708,0.018925964832305908,1.394350826740265,0.08137385349915607,0.43957115009746595,-0.32261208576998046,0.3606237816764133,-0.21442495126705652,0.5126705653021442,-0.25243664717348924,1.8,0.6,2.7,1.8,0.6,2.7,1.8
0,65,0.14806662499904633,0.2842772305011749,0.10756599018042712,15.41704757134886,-0.6373517204552115,-0.7291716478478427,0.048690883271619745,0.052618585994106404,0.2892646698357282,0.7964586447685995,16.673828661441803,-0.0713743269443512,-9.32772234082222,0.17446837353948014,-0.021442495126705707,0.5331384015594542,-0.10916179337231968,0.45906432748538006,-0.3957115009746589,0.36257309941520477,1.8,0.6,2.7,1.8,0.6,2.7,1.8
0,66,0.10302497446537018,0.25476497411727905,0.3869340066998327,15.803981578048692,-0.1060750654441438,-0.04443095076692871,-0.06528246010599692,0.057812603350384295,-0.46301786731407235,0.6310683080534774,14.806662499904633,0.18484145402908325,18.550986796617508,-0.3465320025504634,-0.38596491228070173,-0.4307992202729045,0.03508771929824572,0.029239766081871288,0.1734892787524367,0.4649122807017543,1.8,0.6,2.7,1.8,0.6,2.7,1.8
0,67,0.22051750123500824,0.0844096913933754,0.23498699388853375,16.038968571937225,-0.31493711980121475,0.9078807491667451,0.8127950443117675,-0.35190138447151953,0.3970451785892879,-0.8971678799401603,10.302497446537018,-0.05764514207839966,-2.9512256383895874,-0.08553073899807657,-0.06920077972709548,-0.0292397660818714,-0.033138401559454245,0.03801169590643272,-0.2865497076023392,0.38888888888888884,1.8,0.6,2.7,1.8,0.6,2.7,1.8
0,68,0.30274707078933716,0.023391464725136757,-0.003489317122560162,16.035479254814664,0.33088043838645076,0.6160394551379991,0.9531621120535057,0.7351473685862258,-0.16677796153820057,0.4388340075400077,22.051750123500824,-0.10204911231994629,-17.035528272390366,0.19358146621188596,-0.19395711500974655,0.5428849902534114,0.47758284600389866,-0.22807017543859653,0.22807017543859653,-0.5487329434697856,1.8,0.6,2.7,1.8,0.6,2.7,1.8
0,69,0.14213033020496368,0.2122926414012909,0.3492169946741457,16.384696249488808,-0.7400145327239402,0.6726479137823775,-0.6777610853155114,-0.9878355431170995,0.8088353824605194,0.18038537021600365,30.274707078933716,-0.006948411464691162,-6.101822666823864,0.40816717375313183,0.1929824561403508,0.371345029239766,0.5526315789473684,0.4249512670565303,-0.11793372319688111,0.25536062378167634,1.8,0.6,2.7,1.8,0.6,2.7,1.8
0,70,0.14479753375053406,0.2984029948711395,0.3424694150841486,16.727165664572958,-0.29584695541732553,0.32442322762966014,0.377773999485268,0.604312976082521,-0.014352483998319787,0.2798897464208545,14.213033020496368,0.09091421961784363,18.890117667615414,-0.10718497994439152,-0.45029239766081874,0.4249512670565303,-0.22904483430799216,-0.43762183235867447,0.5126705653021442,0.11306042884990264,1.8,0.6,2.7,1.8,0.6,2.7,1.8
0,71,0.1932402104139328,0.22607406973838806,0.33071398301375965,17.057879647586716,-0.949780351096895,0.7951995726258392,0.44425199908722135,-0.6659813684509182,0.49134105021040164,0.16137118547074114,14.479753375053406,0.0455804169178009,8.611035346984863,-0.11289313906500113,-0.1978557504873294,0.168615984405458,0.1734892787524367,0.2836257309941521,-0.03801169590643272,0.1520467836257311,1.8,0.6,2.7,1.8,0.6,2.7,1.8
0,72,0.2652320861816406,0.5274655818939209,0.13869551397681618,17.196575161563533,0.5266450122607849,-0.5157386098573604,-0.7186423074469603,-0.49639646462943676,0.006810769023474439,-0.8828957025024964,19.32402104139328,-0.09542405605316162,-7.2328925132751465,-0.1069278299947418,-0.5838206627680311,0.48050682261208566,0.26900584795321647,-0.3908382066276803,0.3070175438596492,0.09941520467836251,1.8,0.6,2.7,1.8,0.6,2.7,1.8
0,73,0.1918291598558426,0.45254647731781006,0.3355318824788829,17.532107044042416,0.20189689185632087,0.11957488151357021,0.505598569920229,-0.7668757699557138,0.19864666982831314,0.05855170286711142,26.523208618164062,0.3102310001850128,30.139151215553284,-0.2762749273665425,0.31676413255360614,-0.3099415204678363,-0.4122807017543859,-0.283625730994152,0.015594541910331383,-0.53411306042885,1.8,0.6,2.7,1.8,0.6,2.7,1.8
0,74,0.1990780532360077,0.4667324125766754,0.2889454395805238,17.82105248362294,0.28878411483529587,-0.43475773687735164,0.4492640143819211,0.1074573665474221,-0.7553402191684575,-0.7943875137369527,19.18291598558426,-0.14770478010177612,-7.491910457611084,-0.10259633684774817,0.11988304093567259,0.059454191033138315,0.28557504873294337,-0.49122807017543857,0.10428849902534121,0.016569200779727122,1.8,0.6,2.7,1.8,0.6,2.7,1.8
0,75,0.18495604395866394,0.4503266513347626,0.31178057071269694,18.132833054335634,0.29582668060081296,-0.02994693513152713,-0.08086523673568902,0.08759881117377843,0.7031955225884194,0.16858717071270268,19.90780532360077,0.0222034752368927,1.4185935258865356,-0.14670213322687195,0.17153996101364521,-0.2641325536062378,0.26900584795321647,0.06140350877192979,-0.45614035087719296,-0.4814814814814815,1.8,0.6,2.7,1.8,0.6,2.7,1.8
0,76,0.20654526352882385,0.3340519070625305,0.17790547502549553,18.31073852936113,-0.7310667991733097,-0.41003366622319803,0.8525821361290755,0.9599236612407989,-0.16147427029033734,0.5132408809333018,18.495604395866394,-0.01793801784515381,-1.6405761241912842,-0.1287415851178169,0.17056530214424948,-0.03411306042884987,-0.06140350877192979,0.04385964912280693,0.41910331384015587,0.08576998050682261,1.8,0.6,2.7,1.8,0.6,2.7,1.8
0,77,0.23975348472595215,0.22884243726730347,0.35400463363180573,18.664743162992938,-0.42318510572982304,0.8139960611676822,0.6164806252049482,0.739469898350994,-0.9648684340862714,-0.7038153214603808,20.654526352882385,-0.05979686975479126,-11.627474427223206,-0.25523331526829857,-0.45029239766081874,-0.2514619883040936,0.4941520467836258,0.5497076023391814,-0.12670565302144254,0.2943469785575048,1.8,0.6,2.7,1.8,0.6,2.7,1.8
0,78,0.18998859822750092,0.4193856418132782,0.2698455885445473,18.934588751537486,0.08018017246231945,-0.2358265567281581,-0.7296220123246102,0.5987393967853312,0.4551405956687058,-0.7749689368945007,23.975348472595215,-0.06403923034667969,-10.520946979522705,0.06852728633103548,-0.26900584795321636,0.4892787524366471,0.3664717348927875,0.45321637426900585,-0.5916179337231968,-0.43957115009746583,1.8,0.6,2.7,1.8,0.6,2.7,1.8
0,79,0.22692246735095978,0.22208626568317413,0.13849484872318435,19.07308360026067,0.8221196201905805,0.1866225184463819,0.6521710242333258,0.4234477067118474,0.7547516511764143,-0.8711169736186835,18.99885982275009,0.11428818106651306,19.054320454597473,-0.16891967906706512,0.04873294346978563,-0.14035087719298245,-0.4298245614035088,0.37524366471734893,0.28557504873294337,-0.4766081871345029,1.8,0.6,2.7,1.8,0.6,2.7,1.8
0,80,0.23415729403495789,0.48070093989372253,0.15024159257583394,19.223325192836505,0.22980633662270367,-0.8094378723311786,-0.6134711175299614,-0.00033751734161913127,0.40148222163824654,0.029816273897576906,22.692246735095978,-0.1146756112575531,-19.729937613010406,0.28803131449033165,0.49610136452241704,0.09746588693957126,0.3606237816764133,0.23586744639376223,0.44249512670565294,-0.5428849902534113,1.8,0.6,2.7,1.8,0.6,2.7,1.8
0,81,0.1975662112236023,0.3742150664329529,0.19708645950716677,19.42041165234367,-0.6841191254069998,-0.06285676612127333,0.26988269128976006,0.7532338023818999,0.43038695611602806,-0.8516296442213975,23.41572940349579,0.18647685647010803,25.86146742105484,-0.27401665527846686,0.1442495126705654,-0.47953216374269003,-0.3391812865497076,0.021442495126705596,0.2573099415204678,0.01072124756335291,1.8,0.6,2.7,1.8,0.6,2.7,1.8
0,82,0.2214249223470688,0.3128787577152252,0.17125441544001255,19.591666067783684,0.8824071241711857,0.22881362722896847,0.4322053750529735,-0.9713315462990906,-0.02975713490638343,0.9320451420860736,19.75662112236023,-0.07164254784584045,-10.648587346076965,-0.23907477766156657,-0.42592592592592593,-0.042884990253411304,0.1471734892787524,0.43762183235867447,0.24463937621832366,-0.5282651072124757,1.8,0.6,2.7,1.8,0.6,2.7,1.8
0,83,0.19947920739650726,0.34950193762779236,0.32431880015961567,19.9159848679433,-0.3514299412492923,0.9580593691102086,-0.7945333753276009,0.8407453650002319,0.7486343982408021,-0.43335090815717914,22.14249223470688,-0.0372566282749176,-6.133630871772766,0.25702271090075346,0.5428849902534114,0.14035087719298245,0.27192982456140347,-0.543859649122807,-0.00974658869395717,0.5565302144249513,1.8,0.6,2.7,1.8,0.6,2.7,1.8
0,84,0.19213934242725372,0.36950328946113586,0.13329277709717158,20.049277645040473,-0.910563212143551,-0.09664372568475166,0.4991366630881373,-0.38734251850168167,0.7536888893250953,0.3603969572081498,19.947920739650726,0.003261864185333252,3.662317991256714,-0.11119280187024698,-0.23099415204678364,0.5653021442495128,-0.5,0.45516569200779733,0.4337231968810915,-0.27875243664717353,1.8,0.6,2.7,1.8,0.6,2.7,1.8
0,85,0.23805104196071625,0.5188869833946228,0.09420641335672374,20.143484058397195,-0.15226521875537258,-0.23000354146357127,-0.6075273217157611,-0.4158456021531498,0.5748605961712412,0.21699532460021853,19.213934242725372,0.026553869247436523,2.0001351833343506,-0.3047283713335942,-0.5555555555555556,-0.060428849902534165,0.2992202729044835,-0.2407407407407407,0.462962962962963,0.20955165692007793,1.8,0.6,2.7,1.8,0.6,2.7,1.8
0,86,0.2383994311094284,0.26967331767082214,0.310779756960209,20.454263815357404,-0.909664765936713,0.5906630157792498,0.8415440167049568,0.7170755091043735,-0.460596590562818,-0.10170477621692786,23.805104196071625,0.1204855740070343,14.938369393348694,-0.3288481269328236,-0.09259259259259256,-0.13450292397660824,-0.3528265107212476,-0.24171539961013644,0.3606237816764133,0.1413255360623782,1.8,0.6,2.7,1.8,0.6,2.7,1.8
0,87,0.2863270044326782,0.5042380094528198,-0.04500523182122007,20.409258583536182,-0.37980589760229755,-0.8529524778336157,-0.3790409492434994,-0.2109748158906044,0.31415045327733293,0.7731823903002286,23.83994311094284,-0.16192644834518433,-24.921366572380066,-0.11216765282365124,-0.564327485380117,0.33820662768031196,0.4600389863547758,0.3957115009746588,-0.3050682261208577,-0.07115009746588696,1.8,0.6,2.7,1.8,0.6,2.7,1.8
0,88,0.24668307602405548,0.4772309362888336,0.32061447470717724,20.72987305824336,0.12905494272300388,0.1315046743149959,0.7766331424480042,-0.4037147728307884,-0.6288747392906595,-0.29426669297307173,28.632700443267822,0.1449204981327057,23.456469178199768,-0.4540695483272192,-0.22904483430799216,-0.4941520467836257,-0.1978557504873294,-0.10526315789473684,0.20370370370370372,0.47173489278752445,1.8,0.6,2.7,1.8,0.6,2.7,1.8
0,89,0.3259276747703552,0.5806086659431458,-0.014002219525546172,20.715870838717812,-0.0685481184769734,-0.970419722362375,0.23248287035426562,-0.4420237072613191,0.8967241368865564,-0.5520848426509082,24.668307602405548,-0.05895793437957764,-2.7007073163986206,-0.09981298637212856,0.07602339181286544,0.06822612085769975,0.4405458089668617,-0.267056530214425,-0.40740740740740744,-0.19395711500974655,1.8,0.6,2.7,1.8,0.6,2.7,1.8
0,90,0.23827214539051056,0.5005180239677429,0.36503193337725676,21.08090277209507,0.4923898772764519,0.13995849333380428,0.2002539322317194,-0.2930426237206152,0.35867071087873725,-0.7448210654440324,32.59276747703552,0.07892921566963196,10.337772965431213,-0.4127862633596223,-0.040935672514619936,-0.5886939571150098,0.1442495126705654,-0.27972709551656916,0.53411306042885,-0.34307992202729043,1.8,0.6,2.7,1.8,0.6,2.7,1.8
0,91,0.34697210788726807,0.23140141367912292,0.3001212206587782,21.381023992753846,-0.7589555062206121,0.9660236501827346,0.782605666185991,0.15745120232565069,0.8571882271338123,0.5469961164905883,23.827214539051056,-0.046350061893463135,-8.009064197540283,-0.05795460625572054,0.2914230019493178,0.07797270955165692,0.10623781676413246,-0.1949317738791423,0.2085769980506822,-0.45906432748538006,1.8,0.6,2.7,1.8,0.6,2.7,1.8
0,92,0.27141261100769043,0.5592480897903442,0.27676898602156086,21.657792978775408,0.31976725789401583,0.05868169841678217,-0.7589843252038542,-0.8259521357254302,-0.46722951608652163,0.49668445973251996,34.69721078872681,-0.1704379916191101,-26.911661028862,0.09360003478754667,-0.4678362573099415,0.5838206627680311,0.46101364522417154,0.08869395711500982,0.5282651072124755,0.32553606237816757,1.8,0.6,2.7,1.8,0.6,2.7,1.8
0,93,0.3079603612422943,0.6083235144615173,0.037908246181826324,21.695701224957233,-0.6988850533549278,0.87512338214741,-0.5098868697979384,0.5705165082663293,-0.04741904138766562,-0.6350762865626536,27.141261100769043,0.22805407643318176,32.78466761112213,-0.1364386649375253,0.19590643274853803,0.06140350877192979,-0.1734892787524367,-0.43664717348927873,-0.26315789473684215,0.30311890838206623,1.8,0.6,2.7,1.8,0.6,2.7,1.8
0,94,0.30464911460876465,0.4171101152896881,0.2839683870613985,21.979669612018633,-0.8331533806052094,0.8674790042776495,0.836407310251527,-0.15386498385569358,0.8935138999273464,0.8768075131943784,30.79603612422943,0.006880611181259155,4.90754246711731,-0.3654141723247494,-0.43469785575048736,0.5009746588693957,-0.36452241715399614,0.22417153996101358,-0.06920077972709548,-0.39961013645224175,1.8,0.6,2.7,1.8,0.6,2.7,1.8
0,95,0.3024138808250427,0.6066413521766663,0.12087895672429126,22.100548568742923,-0.20168257911101706,-0.6823558032991233,0.9492721661210883,-0.09529994217563575,-0.7936528551158464,0.16877823876384923,30.394312739372253,-0.10619387030601501,-18.837246298789978,-0.12039693545825526,-0.5165692007797271,0.5155945419103314,0.4844054580896686,-0.11306042884990253,0.5497076023391814,0.5233918128654971,1.8,0.6,2.7,1.8,0.6,2.7,1.8
0,96,0.3695084750652313,0.6840391755104065,-0.14337214506681456,21.95717642367611,-0.5107479290082302,-0.7992708828247015,0.6744851302002384,0.39675521705471484,-0.04900838647932648,0.5873873954690845,30.241388082504272,0.11543780565261841,18.66903007030487,-0.2838861302598676,-0.12085769980506822,-0.4015594541910331,0.5955165692007798,-0.041910331384015564,-0.4337231968810916,0.10428849902534121,1.8,0.6,2.7,1.8,0.6,2.7,1.8
0,97,0.30396604537963867,0.5635753870010376,0.2751430031527845,22.232319426828894,0.8393895902056194,0.28318056278411174,0.41863647373043,-0.5808027155652495,-0.5839380023447811,-0.4840048517427389,36.95084750652313,0.020012259483337402,7.739782333374023,-0.5319590539405828,-0.32163742690058483,-0.49610136452241715,0.39766081871345027,0.2085769980506822,-0.051656920077972734,0.3391812865497077,1.8,0.6,2.7,1.8,0.6,2.7,1.8
0,98,0.31082308292388916,0.6636456847190857,0.3036184206038383,22.535937847432734,0.8216911780082212,-0.003781817589509684,-0.38120552745020486,-0.08416355971838096,0.18724865337748398,0.8209056642814756,30.396604537963867,-0.07020831108093262,-12.04637885093689,0.12921633993068757,0.5165692007797271,0.17738791423001943,0.26608187134502925,-0.3469785575048733,-0.35477582846003897,-0.2992202729044834,1.8,0.6,2.7,1.8,0.6,2.7,1.8
0,99,0.3686429262161255,0.6963104605674744,-0.06966471601904721,22.466273131413686,-0.8909083432404741,0.739837217247068,-0.49726884711387354,-0.48075708443612064,-0.9188746505455443,-0.6624712608000896,31.082308292388916,0.038982927799224854,10.00702977180481,-0.09896717936159484,0.4970760233918128,-0.006822612085769952,-0.232943469785575,-0.05555555555555558,0.10818713450292394,0.49610136452241704,1.8,0.6,2.7,1.8,0.6,2.7,1.8
0,100,0.3520674407482147,0.7186362743377686,0.06648998219984927,22.532763113613537,0.04759755033367652,0.28183718324573515,-0.24218703543213427,-0.5552711728835407,0.5997349764012665,0.08738659420370243,36.86429262161255,0.06045997142791748,3.266477584838867,-0.4584435231821709,-0.5545808966861598,0.45516569200779733,-0.29044834307992207,-0.283625730994152,-0.5633528265107213,-0.40838206627680307,1.8,0.6,2.7,1.8,0.6,2.7,1.8
0,101,0.3392106294631958,0.697856068611145,0.09360041005845172,22.62636352367199,-0.13421913526778795,0.5711896165425445,-0.2863789885926078,-0.9332259846468967,0.8925616333852868,-0.9723397130179297,35.20674407482147,0.022646039724349976,2.232581377029419,-0.32604499242538126,0.024366471734892814,0.15302144249512661,-0.15886939571150094,-0.35185185185185186,0.3401559454191032,0.03508771929824572,1.8,0.6,2.7,1.8,0.6,2.7,1.8
0,102,0.4390297830104828,0.7398259043693542,0.16409614979749879,22.79045967346949,0.9367743777711706,-0.13544004956134637,-0.8257686131117419,-0.7158261863450077,-0.3358792253127958,-0.8984242269557883,33.92106294631958,-0.029321759939193726,-2.0780205726623535,-0.3019571419996295,-0.08089668615984402,0.331384015594542,-0.17836257309941517,-0.5653021442495128,0.5409356725146199,-0.5964912280701755,1.8,0.6,2.7,1.8,0.6,2.7,1.8
0,103,0.34524354338645935,0.7022951245307922,0.032497924168230496,22.822957597637718,-0.47779612232393154,0.8235397143963046,-0.6033873179603333,0.155121380465989,-0.5180610308141016,0.7925058896471793,43.90297830104828,-0.008671730756759644,4.196983575820923,-0.21035780079747832,0.5692007797270955,-0.07407407407407407,-0.47758284600389866,-0.419103313840156,-0.2007797270955166,-0.5448343079922027,1.8,0.6,2.7,1.8,0.6,2.7,1.8
0,104,0.2995980381965637,0.5622668266296387,0.16251104404683372,22.98546864168455,-0.9052643564455753,0.7660231512276947,0.8993443078771155,-0.6703433217925276,0.8784066805005617,0.9788764363011087,34.524354338645935,0.03510788083076477,-3.753077983856201,-0.36162921573111106,-0.29824561403508776,0.48830409356725135,-0.39961013645224175,0.07017543859649122,-0.334307992202729,0.47758284600389866,1.8,0.6,2.7,1.8,0.6,2.7,1.8
0,105,0.3227519690990448,0.4384152591228485,0.22050042278689427,23.205969064471446,0.13894381290583802,0.9958623390956753,0.7604257863404256,0.17503834533494178,-0.3003758013330289,-0.15499886957134712,29.959803819656372,-0.09053722023963928,-14.002829790115356,-0.24299414990663687,-0.5614035087719298,0.45906432748538006,0.5087719298245614,-0.42592592592592593,0.5146198830409356,0.5750487329434697,1.8,0.6,2.7,1.8,0.6,2.7,1.8
0,106,0.29790934920310974,0.47349271178245544,0.19539227502337897,23.401361339494827,0.7427435718048783,0.1452407804479039,0.8703829343998701,-0.042985965706094253,0.3157148004554333,-0.4745567390779233,32.27519690990448,-0.08506327867507935,-12.385156750679016,0.17907101519695362,0.08089668615984413,0.5916179337231968,0.45516569200779733,0.10916179337231968,-0.18615984405458086,-0.09746588693957114,1.8,0.6,2.7,1.8,0.6,2.7,1.8
0,107,0.31250977516174316,0.6684409976005554,-0.01979153142994633,23.38156980806488,-0.982896384083447,0.3698035856062101,-0.7562256504815963,0.5709227114440893,-0.06552351296472825,0.4394093424623373,29.790934920310974,0.020093470811843872,3.5077452659606934,0.21055927411044892,0.4483430799220274,0.09259259259259256,0.5311890838206628,-0.030214424951267027,0.17836257309941517,-0.29044834307992207,1.8,0.6,2.7,1.8,0.6,2.7,1.8
0,108,0.3249785006046295,0.6702649593353271,0.314152692432972,23.695722500497855,0.4028920281485522,0.8774199062416075,-0.9511758988558852,0.4968710924279842,0.5008473094582659,0.03478090377798515,31.250977516174316,0.12392476201057434,19.494828581809998,-0.4219454663047464,-0.601364522417154,0.23196881091617927,-0.4035087719298246,0.36257309941520477,-0.02826510721247566,0.27387914230019494,1.8,0.6,2.7,1.8,0.6,2.7,1.8
0,109,0.3145136535167694,0.664275586605072,0.3792393177000593,24.074961818197913,0.768161190160247,0.05175954764478696,0.6781052593333707,-0.801894780259053,0.5765652699030022,0.4457941869403772,32.49785006046295,-0.03452077507972717,0.18239617347717285,-0.08486603789491025,0.24269005847953218,0.5224171539961013,-0.5857699805068226,0.29824561403508776,0.2943469785575048,0.021442495126705596,1.8,0.6,2.7,1.8,0.6,2.7,1.8
0,110,0.5516910552978516,0.7939598560333252,-0.3133610292423582,23.761600788955555,-0.16909104086259785,-0.9659301676722527,-0.709821014104492,0.024008387871959913,0.2794297342360861,-0.10532626477188023,31.45136535167694,-0.01104995608329773,-0.5989372730255127,-0.02240413677071918,0.46101364522417154,0.023391812865497075,0.3957115009746588,-0.49025341130604283,0.3547758284600391,0.269980506822612,1.8,0.6,2.7,1.8,0.6,2.7,1.8
0,111,0.5208253860473633,0.8067638278007507,-0.27080149395735986,23.490799294998194,-0.28359776352284616,-0.6727297911454695,-0.15037419825502907,0.7434626062238847,-0.9308789937626241,0.7619677839073893,55.169105529785156,0.12516453862190247,12.968426942825317,-0.6695391651681543,-0.10233918128654973,-0.5760233918128654,-0.4122807017543859,0.025341130604288553,0.1764132553606237,-0.06237816764132553,1.8,0.6,2.7,1.8,0.6,2.7,1.8
0,112,0.3626419007778168,0.7416388988494873,0.11888276057016504,23.60968205556836,-0.20941061443759712,0.3427908891934983,0.5541112841714202,-0.25740816826748025,-0.10257996457295948,-0.4186478066289032,52.08253860473633,0.007097423076629639,1.2803971767425537,-0.631486206511729,-0.17738791423001954,-0.42690058479532167,-0.11403508771929827,0.4385964912280702,-0.5682261208576997,0.45516569200779733,1.8,0.6,2.7,1.8,0.6,2.7,1.8
0,113,0.3585023880004883,0.7102721929550171,0.28854763092138525,23.898229686489746,0.3283224561950293,0.7151556045117011,-0.5253603779839424,0.5472316943617843,-0.7398826686168432,0.6634967971208396,36.26419007778168,-0.01821368932723999,-6.512492895126343,-0.27123799747501953,-0.13450292397660824,0.20272904483430798,0.31384015594541914,-0.17836257309941517,-0.07602339181286555,-0.25828460038986356,1.8,0.6,2.7,1.8,0.6,2.7,1.8
0,114,0.5944677591323853,0.8423881530761719,-0.21986904393844892,23.678360642551297,0.24564864631819727,-0.6636669248588167,-0.6387033690300021,-0.2163657549033111,-0.5097899083033597,0.2789018150620619,35.85023880004883,-0.06898045539855957,-3.1366705894470215,-0.10251060973211487,0.19590643274853803,0.42690058479532156,-0.3206627680311891,0.32163742690058483,-0.46101364522417154,0.39376218323586754,1.8,0.6,2.7,1.8,0.6,2.7,1.8
0,115,0.5740733742713928,0.8477730751037598,-0.3117447146335752,23.36661592791772,-0.7704913645732547,0.4109940118984947,-0.5395953338568116,0.17208667042015202,-0.8650658037483516,-0.6904645417516952,59.446775913238525,0.030463188886642456,13.211596012115479,-0.5703494812444546,0.15009746588693962,-0.4035087719298246,-0.36549707602339176,-0.115009746588694,-0.30311890838206623,0.1764132553606237,1.8,0.6,2.7,1.8,0.6,2.7,1.8
0,116,0.6011897325515747,0.8302188515663147,-0.4650944163734635,22.901521511544257,-0.8795751379077583,-0.6336817610234728,0.12660593929495567,-0.2836834444300935,0.3390782299276245,-0.0012783074996345345,57.40733742713928,0.005732476711273193,0.5384922027587891,-0.6648656887642636,-0.4785575048732943,0.23586744639376223,-0.347953216374269,0.09649122807017552,-0.5292397660818713,-0.4298245614035088,1.8,0.6,2.7,1.8,0.6,2.7,1.8
0,117,0.48885002732276917,0.8088539838790894,-0.19124791193404125,22.710273599610215,-0.9052515195139101,-0.03679329712757884,0.9379448419288705,-0.41001324175483256,-0.9984854818668687,0.22516769918817237,60.11897325515747,-0.04626438021659851,-1.7554223537445068,-0.8147336215077511,-0.5321637426900585,-0.3908382066276803,0.05653021442495132,-0.19590643274853803,0.1978557504873295,-0.01949317738791423,1.8,0.6,2.7,1.8,0.6,2.7,1.8
0,118,0.4476160407066345,0.8010295629501343,-0.01276919427699491,22.69750440533322,0.016610761783828698,-0.6207687118148786,0.7524188358903618,0.4539428805528536,-0.07508712436363352,-0.5569725317745007,48.88500273227692,0.10771229863166809,-2.136486768722534,-0.5569828266446857,-0.5565302144249513,-0.02631578947368418,0.5594541910331383,-0.2543859649122807,-0.6062378167641326,0.12183235867446385,1.8,0.6,2.7,1.8,0.6,2.7,1.8
0,119,0.393086701631546,0.6829115748405457,0.32785539691181187,23.02535980224503,0.2555618861346205,0.36309537956016014,0.9708238553333184,-0.8099264757849995,-0.26532807839657413,-0.09756327540869125,44.76160407066345,0.006673485040664673,-0.7824420928955078,-0.3856419739950274,0.0019493177387914784,-0.384990253411306,0.4405458089668617,0.25048732943469787,-0.06822612085769986,-0.3557504873294347,1.8,0.6,2.7,1.8,0.6,2.7,1.8
0,120,0.5919322371482849,0.8458548188209534,-0.4313959501114828,22.593963852133548,-0.8371001270159999,-0.5061917508929099,-0.5855450840098744,-0.09811588804072024,-0.12345775310444163,0.19781182415391796,39.3086701631546,-0.14099478721618652,-11.811798810958862,-0.055660627695023855,0.15009746588693962,0.22319688109161784,0.5808966861598441,-0.4834307992202729,-0.1578947368421053,-0.06627680311890838,1.8,0.6,2.7,1.8,0.6,2.7,1.8
0,121,0.4735740125179291,0.7592639923095703,0.10731237308321617,22.701276225216766,-0.2915509473405695,0.8764745859046339,0.6334974029180815,-0.9972829697518635,-0.8531591761847424,-0.08948106976637038,59.19322371482849,0.05176737904548645,16.29432439804077,-0.782197389373442,-0.5146198830409356,-0.2914230019493177,-0.3255360623781677,-0.050682261208576995,-0.0721247563352827,0.11695906432748537,1.8,0.6,2.7,1.8,0.6,2.7,1.8
0,122,0.5187621116638184,0.8491370677947998,-0.25808296508888307,22.443193260127885,-0.4918584579373859,-0.29107494544905266,0.10164561288808094,0.1459010122122415,0.009817663521027864,-0.9189444812513785,47.35740125179291,0.017517060041427612,-8.659082651138306,-0.2609815130502931,-0.182261208576998,0.5331384015594542,0.371345029239766,-0.6169590643274854,-0.5253411306042886,-0.049707602339181256,1.8,0.6,2.7,1.8,0.6,2.7,1.8
0,123,0.41222521662712097,0.7927349805831909,0.21278061736520726,22.655973877493093,0.5088142422441044,0.2308005986155166,0.0553934397848872,0.020315572280997563,-0.05226314806489385,-0.4999524410983174,51.876211166381836,0.07150694727897644,8.98730754852295,-0.6190815093808589,-0.3099415204678363,-0.1949317738791423,0.0536062378167641,0.06822612085769975,-0.00974658869395717,-0.5721247563352827,1.8,0.6,2.7,1.8,0.6,2.7,1.8
0,124,0.3842483460903168,0.7398023009300232,0.2365365655709429,22.892510443064037,0.6564341796168252,-0.5425377379482825,0.6906854578350552,0.3987285521312125,0.3878535464013755,0.41058113169730714,41.2225216627121,-0.0317402184009552,-5.640208721160889,-0.16683356420523426,0.30896686159844045,0.12962962962962954,0.021442495126705596,-0.004873294346978585,-0.03898635477582846,-0.3255360623781677,1.8,0.6,2.7,1.8,0.6,2.7,1.8
0,125,0.3784105181694031,0.7320842742919922,0.24518591399303996,23.137696357057077,0.6651887022724976,-0.4366841113855502,0.5696984052008465,0.6848371107240878,0.6786190874085931,-0.7261045631968237,38.42483460903168,-0.03016144037246704,-5.2932679653167725,-0.14884535826930845,0.3879142300194931,-0.3401559454191033,0.3957115009746588,0.22514619883040932,0.22904483430799227,0.2407407407407407,1.8,0.6,2.7,1.8,0.6,2.7,1.8
0,126,0.4097682535648346,0.807021975517273,0.15822550051293693,23.295921857570015,0.3331201106998751,-0.15374874199873356,-0.009554467770275243,-0.07797037874594337,-0.8525000082203458,0.8523277617688227,37.84105181694031,-0.01692548394203186,-0.7718026638031006,-0.14145125993127342,0.3927875243664718,-0.2914230019493177,0.331384015594542,0.3927875243664718,0.39961013645224175,-0.4463937621832359,1.8,0.6,2.7,1.8,0.6,2.7,1.8
0,127,0.4179493486881256,0.8013166189193726,0.22624836311477664,23.522170220684792,0.8340028970579623,-0.3929408119174964,0.05422015938928548,0.33179816844297294,-0.7865511671974659,0.6411530122482623,40.97682535648346,0.10006427764892578,7.493770122528076,-0.22187920878425238,0.2085769980506822,-0.08771929824561409,0.020467836257309857,-0.0292397660818714,-0.5077972709551657,0.5146198830409356,1.8,0.6,2.7,1.8,0.6,2.7,1.8
0,128,0.39838895201683044,0.7588164210319519,0.2631705537953713,23.785340774480165,0.6067663737080362,0.00682420707073339,0.9993994524223622,-0.6783023428134054,0.24998430283612882,-0.2162429033097757,41.79493486881256,-0.05354061722755432,-0.5705356597900391,-0.1522346264026914,0.5048732943469785,-0.22904483430799216,0.031189083820662766,0.19005847953216382,-0.4951267056530214,0.398635477582846,1.8,0.6,2.7,1.8,0.6,2.7,1.8
0,129,0.5274613499641418,0.8656772971153259,-0.08651614794050808,23.698824626539658,-0.16639383162230925,0.2776447900315724,-0.647048265974997,-0.7486732153166551,-0.6479939430778923,0.17152065802056837,39.838895201683044,-0.030300021171569824,-4.250019788742065,-0.11924571868200391,0.36549707602339176,-0.00974658869395717,0.5789473684210527,-0.43469785575048736,0.13060428849902528,-0.1393762183235867,1.8,0.6,2.7,1.8,0.6,2.7,1.8
0,130,0.4653555750846863,0.8420740365982056,0.0997872339996773,23.798611860539335,0.6842343553881369,-0.39798916514693583,0.14806075475626468,0.7580035164451275,-0.16930049805888636,-0.7565634959906049,52.746134996414185,0.05784928798675537,10.686087608337402,-0.4462024115763411,-0.09551656920077978,0.1793372319688109,-0.34307992202729043,-0.435672514619883,-0.368421052631579,0.10623781676413246,1.8,0.6,2.7,1.8,0.6,2.7,1.8
0,131,0.5393408536911011,0.8522576093673706,-0.3309507027520629,23.467661157787273,-0.782749852678094,-0.5860606490777402,-0.25796004914499626,0.9317666769511823,-0.5602968820257224,0.12975850597498995,46.53555750846863,0.031469762325286865,-2.360326051712036,-0.26992433879919925,0.4083820662768032,-0.267056530214425,0.04580896686159841,0.4015594541910332,-0.14230019493177393,-0.4785575048732943,1.8,0.6,2.7,1.8,0.6,2.7,1.8
0,132,0.5286034941673279,0.8484629988670349,-0.22261436802910212,23.24504678975817,-0.2179315952171501,-0.8957154598878507,0.48254538147018855,0.2614056127061688,0.9984549850913553,-0.880485904576539,53.93408536911011,-0.062350183725357056,1.018357276916504,-0.6888904218835633,-0.48538011695906436,-0.3469785575048733,-0.14035087719298245,0.5575048732943471,-0.347953216374269,0.06237816764132553,1.8,0.6,2.7,1.8,0.6,2.7,1.8
0,133,0.4796549379825592,0.8257216215133667,-0.13520092742611511,23.109845862332055,-0.45169017526108,-0.7690749969834012,0.9104141227740652,0.33415988314239864,-0.8144410229433985,-0.2368827105709781,52.86034941673279,0.032167136669158936,-0.37946105003356934,-0.5821304489470135,-0.14035087719298245,-0.5555555555555556,0.2777777777777777,0.13840155945419097,0.5896686159844056,-0.5516569200779727,1.8,0.6,2.7,1.8,0.6,2.7,1.8
0,134,0.41493645310401917,0.8061535358428955,0.046552540804170414,23.156398403136226,-0.3325352240389505,0.23349243507577433,0.6567778084853504,0.1254115769481532,0.9039314205300253,-0.9678299230887615,47.96549379825592,0.002870708703994751,-2.2741377353668213,-0.5024644403538682,-0.2758284600389863,-0.47465886939571145,0.5526315789473684,0.20272904483430798,-0.48830409356725146,-0.14912280701754388,1.8,0.6,2.7,1.8,0.6,2.7,1.8
0,135,0.4111410081386566,0.8014534115791321,0.129284143076044,23.28568254621227,0.10233618380913811,-0.2755270705397532,0.961484277066778,-0.01096140047485017,0.2929668628883866,-0.32764333769892096,41.49364531040192,0.013614445924758911,-1.9568085670471191,-0.33252383329644547,-0.21734892787524362,0.12768031189083828,0.38109161793372315,0.05555555555555558,0.5350877192982457,-0.6033138401559455,1.8,0.6,2.7,1.8,0.6,2.7,1.8
0,136,0.5659095048904419,0.8475049734115601,-0.4094855537597469,22.876196992452524,-0.8933650418260439,-0.9426232418121339,0.745630192001588,-0.5185760688861594,0.8699537931452865,0.7266081043321082,41.11410081386566,-0.021147727966308594,-0.4700124263763428,-0.25054612714719016,0.05653021442495132,-0.17153996101364521,0.571150097465887,-0.007797270955165692,0.18615984405458086,-0.21539961013645226,1.8,0.6,2.7,1.8,0.6,2.7,1.8
0,137,0.5825204849243164,0.8635779619216919,-0.4449383231586221,22.431258669293904,-0.9593950611669648,-0.9711715131360557,0.18833900373402424,-0.37257769801613927,0.5478182156747342,0.3402396792477407,56.59095048904419,-0.05775541067123413,4.605156183242798,-0.7637018491793188,-0.5536062378167641,-0.5789473684210527,0.45906432748538006,-0.31189083820662766,0.5224171539961013,0.43762183235867447,1.8,0.6,2.7,1.8,0.6,2.7,1.8
0,138,0.42160335183143616,0.8057505488395691,0.1789509356111429,22.610209604905048,0.3586837802112246,-0.5016796370835479,0.9803288889699362,0.27956586541909534,-0.5035366560112529,0.9564255030989846,58.25204849243164,-0.025925785303115845,1.6072988510131836,-0.7969492624097828,-0.5828460038986355,-0.5886939571150098,0.13840155945419097,-0.21345029239766078,0.34405458089668617,0.2115009746588694,1.8,0.6,2.7,1.8,0.6,2.7,1.8
0,139,0.5381829142570496,0.8969420194625854,-0.2112305462989198,22.398979058606127,-0.24121023601061564,-0.6550961811225346,0.028815742340377648,-0.4923723260438231,0.6149643597028662,-0.12078633007929707,42.160335183143616,0.0901930034160614,-5.78274130821228,-0.19881837587050688,0.2192982456140351,-0.3109161793372319,0.5799220272904484,0.15302144249512661,-0.31189083820662766,0.567251461988304,1.8,0.6,2.7,1.8,0.6,2.7,1.8
0,140,0.7219719886779785,0.8623924851417542,-0.4512461030737578,21.94773295553237,-0.1303582259973448,-0.9394045391802908,-0.5823552989209722,-0.6953073955415434,0.5661321582663952,-0.3149777127697684,53.818291425704956,-0.020534545183181763,9.119147062301636,-0.5693382351505232,-0.14327485380116955,-0.3927875243664717,0.031189083820662766,-0.2855750487329435,0.3849902534113061,-0.07115009746588696,1.8,0.6,2.7,1.8,0.6,2.7,1.8
0,141,0.5341159105300903,0.890310525894165,0.07860995228732252,22.026342907819693,0.7168119972280254,-0.4879720567286614,0.26336581280711413,0.25774052416981164,-0.67452698264027,-0.47813397509944155,72.19719886779785,-0.13631805777549744,-3.45495343208313,-0.7879478849837339,-0.08382066276803124,-0.5682261208576997,-0.3362573099415205,-0.41033138401559455,0.35185185185185186,-0.18323586744639375,1.8,0.6,2.7,1.8,0.6,2.7,1.8
0,142,0.5478383898735046,0.9045416712760925,-0.02822392973892801,21.998118978080765,0.3607880685199383,-0.560734717014016,0.041288039048477776,0.1594937370675742,-0.4528159368251994,-0.9393063076270807,53.41159105300903,0.1352347433567047,2.791804075241089,-0.2800915607729795,0.435672514619883,-0.3021442495126706,0.14327485380116967,0.1364522417153997,-0.4278752436647173,-0.3001949317738791,1.8,0.6,2.7,1.8,0.6,2.7,1.8
0,143,0.5917483568191528,0.9096398949623108,-0.2740644434370682,21.724054534643695,-0.6538719546549137,-0.06553192949606612,0.10295259276546775,-0.9062190643374843,-0.6153922571829984,0.7461340640482463,54.783838987350464,-0.015632808208465576,1.423114538192749,-0.3849457687488059,0.22124756335282658,-0.3294346978557505,0.03508771929824572,0.09259259259259256,-0.29044834307992207,-0.5692007797270955,1.8,0.6,2.7,1.8,0.6,2.7,1.8
0,144,0.4931579530239105,0.8650784492492676,0.10164635919050838,21.825700893834203,0.7930044701018293,-0.5986479054253404,-0.0996052420106932,0.7797837209706651,0.7261344676652839,0.326299894874877,59.17483568191528,-0.030922144651412964,0.5098223686218262,-0.6248892415310828,-0.4005847953216374,-0.03898635477582846,0.06627680311890849,-0.5389863547758285,-0.36744639376218324,0.4493177387914229,1.8,0.6,2.7,1.8,0.6,2.7,1.8
0,145,0.6492177844047546,0.9066821932792664,-0.44369194450819244,21.38200894932601,-0.6761186231841925,-0.7154889508657136,-0.2368950168165742,-0.8105283371238519,-0.059727148886671966,-0.3483060048307194,49.31579530239105,0.08360594511032104,-4.456144571304321,-0.2633844013099592,0.47953216374269014,-0.3771929824561403,-0.09161793372319693,0.39668615984405453,0.4064327485380117,0.18518518518518512,1.8,0.6,2.7,1.8,0.6,2.7,1.8
0,146,0.7297344207763672,0.8609865307807922,-0.5910154535323611,20.79099349579365,-0.6145286799172065,-0.7018643780996632,-0.5944852308175126,0.2719223856726374,0.2697804678848146,-0.9964061282109795,64.92177844047546,-0.07224082946777344,4.160374402999878,-0.7877148825834402,-0.4142300194931774,-0.419103313840156,-0.12085769980506822,-0.35672514619883045,-0.01754385964912286,-0.19980506822612087,1.8,0.6,2.7,1.8,0.6,2.7,1.8
0,147,0.48356056213378906,0.8480657935142517,0.2763310536811971,21.067324549474847,0.8290324028261873,0.6029246721890567,-0.828480677087293,0.8347367752928225,-0.8792780749212756,-0.018069784126370392,72.97344207763672,-0.09589791297912598,-4.569566249847412,-0.9270118641003816,-0.38109161793372315,-0.4405458089668616,-0.37037037037037035,0.1413255360623782,0.1393762183235867,-0.6169590643274854,1.8,0.6,2.7,1.8,0.6,2.7,1.8
0,148,0.5624080300331116,0.9067480564117432,-0.02987837612819747,21.03744617334665,0.7787941766429785,-0.720005854770901,-0.6891371140999343,0.4938023669632967,0.516093279556034,0.14700057151629076,48.356056213378906,0.1532822847366333,-1.2920737266540527,-0.09027889018142238,0.5097465886939572,0.3664717348927875,-0.5263157894736843,0.4814814814814814,-0.5487329434697856,-0.025341130604288553,1.8,0.6,2.7,1.8,0.6,2.7,1.8
0,149,0.5399824976921082,0.917101263999939,-0.34694391160200444,20.690502261744644,-0.9802416814798995,-0.23069189293217018,-0.22889482537026673,0.5773680532489824,-0.05969818308710195,0.2207245492082277,56.24080300331116,-0.028851628303527832,5.8682262897491455,-0.3845713473274138,0.4766081871345029,-0.4385964912280702,-0.4249512670565302,0.2914230019493178,0.30409356725146197,0.06920077972709548,1.8,0.6,2.7,1.8,0.6,2.7,1.8
0,150,0.479139119386673,0.8961503505706787,0.13289737279764213,20.823399634542287,0.45904314978901284,0.3909558804866735,-0.7319612346535427,0.5989046254444494,-0.9387041476640765,0.6572223932784447,53.998249769210815,-0.033893436193466187,1.03532075881958,-0.7047907635550015,-0.6033138401559455,-0.1442495126705653,-0.15107212475633525,0.3362573099415205,-0.04580896686159841,0.12280701754385959,1.8,0.6,2.7,1.8,0.6,2.7,1.8
