Episode,Ind_Q1_Loss,Ind_Q2_Loss,Ind_Policy_Loss,Pop_Q1_Loss,Pop_Q2_Loss,Pop_Policy_Loss
5,0.0695154,0.06591571,-4.6674423,0,0,0
6,0.019580007,0.018139165,-1.2720044,0,0,0
7,0.027162442,0.037267707,-3.2686357,0,0,0
8,0.08294186,0.058399487,-4.8608766,0,0,0
9,0.035725277,0.035802826,-9.271976,0,0,0
10,0.021241345,0.05148208,-10.811684,0,0,0
11,0.11759701,0.030854743,-13.6807995,0,0,0
12,0.04583129,0.21915007,-18.133907,0,0,0
13,0.029203262,0.036723696,-16.244118,0,0,0
14,0.19532633,0.11589013,-21.340687,0,0,0
15,0.02744671,0.06920252,-20.420713,0,0,0
16,0.043589596,0.071068466,-24.50617,0,0,0
17,0.03508381,0.19030167,-25.304893,0,0,0
18,0.06980902,0.1811386,-28.45036,0,0,0
19,0.041369278,0.028725058,-29.311941,0,0,0
20,0.122764155,0.06592165,-30.39346,0,0,0
21,0.04287681,0.09967449,-32.327835,0,0,0
22,0.06716373,0.07135449,-33.32953,0,0,0
23,0.0772686,0.2923966,-34.911972,0,0,0
24,0.06773407,0.11432082,-35.080765,0,0,0
25,0.08905489,0.38315928,-37.65341,0,0,0
26,0.058568746,0.06290653,-39.49492,0,0,0
27,0.13417648,0.07816747,-37.10598,0,0,0
28,0.18832946,0.36729962,-40.068222,0,0,0
29,0.0952909,0.14256345,-40.039158,0,0,0
30,0.3094033,0.162673,-42.46437,0,0,0
31,0.10104959,0.2858991,-41.473587,0,0,0
