Episode,Timestep,X_Position,Y_Position,Rewards,Cumulative_Rewards,Motor1_Action,Motor2_Action,Motor3_Action,Motor4_Action,Motor5_Action,Motor6_Action,X_State,Y_State,Z_State,Y_Heading,Motor1_Pos,Motor2_Pos,Motor3_Pos,Motor4_Pos,Motor5_Pos,Motor6_Pos,Plate1,Plate2,Plate3,Plate4,Plate5,Plate6,Plate7
0,0,0.10023276507854462,-0.04661734029650688,0.4001253801561583,0.4001253801561583,0.18618781486027114,0.843292885496826,0.9780481439562776,-0.23498931929283273,0.7432913289303251,0.424636014240684,8.044015616178513,0.0,0.0,0.0,0.0,-0.007797270955165692,-0.01949317738791423,-0.007797270955165692,0.0009746588693957392,-0.0029239766081871066,-0.004873294346978585,1.8,0.6,2.7,1.8,0.6,2.7
0,1,0.12625668942928314,-0.1343831717967987,0.1904671921268814,0.5905925722830396,-0.965087340343332,0.485427611170256,-0.1658627129731589,-0.3139490478616689,-0.9262870422495599,0.5702230166563844,10.023276507854462,9.717948734760284,-4.661734029650688,-0.07354747144646376,0.09259259259259256,0.42884990253411304,0.20272904483430798,-0.2192982456140351,0.3401559454191032,0.20955165692007793,-0.3391812865497076,1.8,0.6,2.7,1.8,0.6,2.7
0,2,0.13836294412612915,-0.14062872529029846,0.31245257561174095,0.9030451478947805,-0.93833788771516,0.8205586895483044,-0.7107029693973606,0.9121033405251713,0.15022248762015367,0.910231470787479,12.625668942928314,0.028582662343978882,-8.776583150029182,0.2722662528607886,-0.5545808966861598,0.32261208576998057,0.06920077972709548,-0.14230019493177393,-0.16471734892787526,0.3284600389863548,0.33040935672514626,1.8,0.6,2.7,1.8,0.6,2.7
0,3,0.15194518864154816,-0.16529256105422974,0.15397729235923424,1.0570224402540147,0.8409836688045265,-0.28073656383088874,-0.12075829146459394,-0.5325176716226454,-0.25886293091322776,0.8691698132514392,13.836294412612915,0.01216009259223938,-0.6245553493499756,0.14542942440458484,-0.5760233918128654,0.47953216374269014,-0.44834307992202727,0.43664717348927873,0.04483430799220267,0.53411306042885,-0.1228070175438597,1.8,0.6,2.7,1.8,0.6,2.7
0,4,0.15112635493278503,-0.15685801208019257,0.08731650602161647,1.1443389462756313,0.33757259965368536,0.360080318384262,-0.35945026505326205,0.294363537678177,0.21767891981000131,0.343613115891942,15.194518864154816,-0.03603547811508179,-2.4663835763931274,0.2986337240077477,0.09259259259259256,-0.12085769980506822,-0.04678362573099415,-0.05847953216374269,-0.1393762183235867,0.5311890838206628,0.22222222222222232,1.8,0.6,2.7,1.8,0.6,2.7
0,5,0.06860034912824631,-5.630543455481529e-05,0.430162778163801,1.5745017244394321,0.22162156054684656,0.2990613342849966,-0.41380429766982885,-0.538488629995219,-0.8045563354360201,-0.1300546124347668,15.112635493278503,-0.000416487455368042,0.843454897403717,0.36560723793734917,0.19590643274853803,0.18421052631578938,-0.23586744639376223,0.15692007797270957,0.12378167641325533,0.2270955165692008,0.4678362573099415,1.8,0.6,2.7,1.8,0.6,2.7
0,6,0.12962868809700012,0.11330503970384598,0.43491681516357283,2.009418539603005,-0.9738702546882354,0.22105176034742358,0.41868190906882763,-0.12244095182523917,-0.4816823196800426,0.1431188296824364,6.860034912824631,0.036372244358062744,15.680170664563775,-0.0578019644890132,0.13547758284600397,0.2056530214424952,-0.22319688109161795,-0.20662768031189083,-0.08089668615984402,0.020467836257309857,-0.17251461988304095,1.8,0.6,2.7,1.8,0.6,2.7
0,7,0.10826551169157028,0.09002289921045303,0.31812888075496815,2.3275474203579734,0.40141249539413715,0.23907188150948389,0.4957541390317115,0.40442196032327704,-0.37685855069566654,0.19420159006052318,12.962868809700012,-0.00209808349609375,11.33613451384008,-0.02645055352418808,-0.5575048732943471,0.12378167641325533,0.22417153996101358,-0.08576998050682261,-0.3079922027290448,0.07017543859649122,0.2943469785575048,1.8,0.6,2.7,1.8,0.6,2.7
0,8,0.12700608372688293,0.052315108478069305,0.22832197577321114,2.5558693961311847,0.4605800257169621,0.20502623155215205,0.919938458850726,0.9490460422358666,0.15324562374199502,-0.3122441375271916,10.826551169157028,0.05897060036659241,-2.3282140493392944,-0.15209108208675828,0.06432748538011701,0.11988304093567259,0.2485380116959064,0.165692007797271,-0.29044834307992207,0.09259259259259256,-0.16471734892787526,1.8,0.6,2.7,1.8,0.6,2.7
0,9,0.12680654227733612,0.03705405443906784,0.44972621174356064,3.0055956078747452,-0.3095760676345074,0.13860201471728706,0.9075857704269579,0.03416555247148856,0.15147470422608422,-0.7643241144688264,12.700608372688293,-0.07643997669219971,-3.770779073238373,-0.2341068758399672,0.2641325536062378,0.09064327485380108,0.40253411306042874,0.4113060428849902,0.00974658869395717,-0.2115009746588694,-0.33333333333333337,1.8,0.6,2.7,1.8,0.6,2.7
0,10,0.11374969035387039,-0.013131332583725452,0.46388543264126364,3.469481040516009,0.35227109805386747,-0.991974093003807,0.8451548616037015,-0.10616392426308008,0.9119264687633892,-0.12861592303948477,12.680654227733612,-0.016449391841888428,-1.5261054039001465,-0.012783688304837584,-0.19298245614035092,0.07407407407407418,0.5506822612085771,0.02729044834308003,0.08284600389863539,-0.48245614035087714,0.30896686159844045,1.8,0.6,2.7,1.8,0.6,2.7
0,11,0.12041504681110382,-0.049349263310432434,0.3672386544097419,3.8367196949257507,-0.9794266468466131,0.32029093995738345,-0.3008664245995505,0.840973282680034,0.7584338311083274,0.05387954255289085,11.37496903538704,-0.03367513418197632,-5.018538702279329,0.004016664277275418,0.21832358674463936,-0.5662768031189084,0.5194931773879143,-0.0721247563352827,0.5409356725146199,-0.08869395711500971,-0.17446393762183232,1.8,0.6,2.7,1.8,0.6,2.7
0,12,0.12928691506385803,-0.04642433673143387,0.29191493629929866,4.128634631225049,0.14754244165529795,-0.8504431474386271,0.3303797372291759,-0.6463412844368206,0.8745304748248253,-0.7600796453185092,12.041504681110382,0.12268498539924622,-3.621793072670698,0.09788880582443621,-0.47953216374269003,0.0750487329434697,-0.16374269005847952,0.44541910331384016,0.4249512670565303,-0.003898635477582846,0.04678362573099415,1.8,0.6,2.7,1.8,0.6,2.7
0,13,0.11171969771385193,-0.031947631388902664,0.29496381308833947,4.423598444313389,0.038667038589450975,-0.13239131754512767,-0.9602504468070296,0.36354243617044824,0.2673809546087347,-0.5208878864838822,12.928691506385803,-0.006770342588424683,0.29249265789985657,0.16959036884638895,0.05750487329434706,-0.4444444444444444,0.232943469785575,-0.11111111111111116,0.5545808966861598,-0.41617933723196876,0.30019493177387924,1.8,0.6,2.7,1.8,0.6,2.7
0,14,0.09230844676494598,-0.034602731466293335,0.450466056008897,4.8740645003222856,-0.3873840450756152,0.6060454747505435,0.24879162713702718,0.343349975945356,0.49668289010466093,0.5395114434811266,11.171969771385193,0.024952739477157593,1.4476705342531204,0.17379254974106131,0.026315789473684292,-0.05847953216374269,-0.3313840155945419,0.25536062378167634,0.2007797270955165,-0.3001949317738791,0.334307992202729,1.8,0.6,2.7,1.8,0.6,2.7
0,15,0.09475404769182205,-0.01948920264840126,0.45128502153042793,5.325349521852713,0.28031341015288813,-0.3334075283203002,-0.009062577058121635,-0.9462509786398825,-0.866581640825846,0.5551934915495418,9.230844676494598,-0.04892274737358093,-0.2655100077390671,0.026681699649151368,-0.2514619883040936,0.3021442495126705,-0.025341130604288553,0.165692007797271,0.26900584795321647,0.29337231968810906,-0.21832358674463936,1.8,0.6,2.7,1.8,0.6,2.7
0,16,0.09554589539766312,0.0007275892421603203,0.42401169892106977,5.749361220773783,-0.7842212082064193,-0.27986575594279683,-0.3697165049266222,0.7002681355644589,0.11389138332376758,0.7003151837611006,9.475404769182205,-0.046303123235702515,1.5113528817892075,-0.024782956583841553,0.1734892787524367,-0.11306042884990253,0.041910331384015675,-0.09844054580896688,-0.06627680311890838,0.3635477582846003,-0.4249512670565302,1.8,0.6,2.7,1.8,0.6,2.7
0,17,0.10636880993843079,-0.013129432685673237,0.3348336017735746,6.084194822547357,-0.8126588885027344,-0.9581857792964787,0.9434255872922872,-0.6758549318926819,-0.14578765027377472,0.7303203127637514,9.554589539766312,0.0044696033000946045,2.021679189056158,-0.05170807640003782,-0.4814814814814815,-0.15204678362573099,-0.20370370370370372,0.11695906432748537,0.05653021442495132,0.43177387914230025,-0.4405458089668616,1.8,0.6,2.7,1.8,0.6,2.7
0,18,0.08375170826911926,0.06232963874936104,0.3635751129813192,6.447769935528677,0.834568977841333,0.009523098521145856,-0.3968057989910092,0.2662255758974226,-0.0981964761830052,-0.2186714387718085,10.636880993843079,0.09382590651512146,-1.3857021927833557,0.13619541898404416,-0.49122807017543857,-0.5565302144249513,0.39668615984405453,-0.368421052631579,-0.0799220272904484,0.43469785575048725,0.17153996101364521,1.8,0.6,2.7,1.8,0.6,2.7
0,19,0.1358780860900879,0.07105317711830139,0.19111142122060065,6.638881356749278,-0.012202328775270388,0.4215223402347603,0.7348937176347521,0.6285632249135034,0.5600917178369555,-0.6753289397923459,8.375170826911926,-0.05697980523109436,7.5459071435034275,-0.1174029831890165,0.1871345029239766,-0.0292397660818714,-0.12183235867446396,0.15886939571150105,-0.05555555555555558,-0.1286549707602339,-0.14619883040935677,1.8,0.6,2.7,1.8,0.6,2.7
0,20,0.09472587704658508,0.020938385277986526,0.42897432841511707,7.067855685164394,-0.2569527314165496,0.9719109549310401,0.6714029079088124,-0.035196335320371475,0.24139551819213123,-0.2923143954000318,13.587808609008789,0.04643276333808899,0.8723538368940353,-0.26775441739709055,-0.01949317738791423,0.18226120857699812,0.18128654970760238,0.2884990253411306,0.25828460038986356,-0.4307992202729045,-0.27387914230019494,1.8,0.6,2.7,1.8,0.6,2.7
0,21,0.08597837388515472,0.023324541747570038,0.471923231703238,7.539778916867633,0.07722005820358002,-0.8693172664338571,-0.291520068773476,-0.5205014866215929,-0.3080822065900022,-0.1927044813341403,9.472587704658508,-0.09249672293663025,-5.0114791840314865,-0.047106050007175784,-0.16179337231968816,0.5721247563352827,0.3771929824561404,-0.03411306042884987,0.12962962962962954,-0.19980506822612087,0.11793372319688111,1.8,0.6,2.7,1.8,0.6,2.7
0,22,0.09354595839977264,-0.00890643335878849,0.36559591440235134,7.905374831269984,-0.5713159400536578,0.660490125359569,0.6717460057270319,0.7563398367594099,0.7058975825618159,0.45932149170902803,8.597837388515472,-0.01118779182434082,0.23861564695835114,-0.008050219063131199,0.0536062378167641,0.17738791423001943,0.22417153996101358,-0.21734892787524362,-0.12378167641325533,-0.11793372319688111,0.11013645224171542,1.8,0.6,2.7,1.8,0.6,2.7
0,23,0.1446615606546402,-0.1629142314195633,0.1726666734075591,8.078041504677543,0.2783624425570763,0.08816201481528285,-0.5910732600581583,-0.043401696429463676,0.6121536427287271,0.564034985091002,9.354595839977264,0.012902915477752686,-3.223097510635853,-0.11100463214244295,-0.3664717348927875,0.27680311890838216,0.18031189083820665,0.016569200779727122,0.23586744639376223,0.22222222222222232,-0.3499025341130604,1.8,0.6,2.7,1.8,0.6,2.7
0,24,0.13222293555736542,-0.14575041830539703,0.15893583411286838,8.236977338790412,-0.9609734854233476,0.43977320229781114,-0.5580039427206724,0.19294202326285315,-0.9906520117476068,-0.08856844345429038,14.46615606546402,0.009574741125106812,-15.40077980607748,0.282748702537695,0.17153996101364521,0.06822612085769975,-0.18908382066276808,-0.02631578947368418,0.34113060428849895,0.2962962962962963,0.3050682261208577,1.8,0.6,2.7,1.8,0.6,2.7
0,25,0.07970858365297318,0.014266926795244217,0.3888878287353038,8.625865167525715,-0.5863810968357519,0.00967572492566604,0.8863906332169833,0.2195973146551422,-0.03480985286272742,-0.17771731431248283,13.222293555736542,-0.038807839155197144,1.716381311416626,0.30138835385168805,-0.50682261208577,0.29044834307992207,-0.3157894736842105,0.15107212475633536,-0.15009746588693962,0.0399610136452242,0.45906432748538006,1.8,0.6,2.7,1.8,0.6,2.7
0,26,0.09084264189004898,-0.03778832405805588,0.3866182047900565,9.012483372315772,0.06419154809954097,-0.8322643718263705,0.5620584497323826,0.700756572656837,-0.1636373411989196,0.1829063910541222,7.9708583652973175,0.04999116063117981,16.001734510064125,-0.09392883622394127,-0.3586744639376218,-0.012670565302144277,0.2456140350877194,0.11695906432748537,-0.024366471734892814,-0.0935672514619883,-0.182261208576998,1.8,0.6,2.7,1.8,0.6,2.7
0,27,0.12401150166988373,0.0066944509744644165,0.45048650496149545,9.462969877277267,0.8243209600964301,0.10236275414920737,0.011211089389419504,0.8553147403156351,-0.6617212579610929,-0.8457556624437232,9.084264189004898,0.06624534726142883,-5.2055250853300095,0.09117990185933249,0.040935672514619936,-0.4941520467836257,0.3294346978557505,0.3830409356725146,-0.14230019493177393,0.07602339181286544,0.25048732943469787,1.8,0.6,2.7,1.8,0.6,2.7
0,28,0.11277647316455841,0.030304528772830963,0.32045680358078066,9.783426680858048,-0.17824715351142584,-0.9686839750215042,0.3876652342028435,-0.3823051944337479,-0.9724811639578739,0.536193451395591,12.401150166988373,-0.08004829287528992,4.448277503252029,0.013162926169221281,0.49122807017543857,0.04483430799220267,-0.005847953216374324,0.5224171539961013,-0.37231968810916183,-0.4873294346978557,0.364522417153996,1.8,0.6,2.7,1.8,0.6,2.7
0,29,0.10563762485980988,0.02349245734512806,0.4260597459582206,10.209486426816268,0.12970941408821002,0.06455944574968808,-0.07813544306503895,0.8546310729617648,0.392916037821355,0.2634868462039408,11.277647316455841,0.04499852657318115,2.3610077798366547,-0.1478543037230188,-0.09941520467836262,-0.44249512670565305,0.2758284600389864,0.026315789473684292,-0.5536062378167641,0.18908382066276808,-0.30116959064327486,1.8,0.6,2.7,1.8,0.6,2.7
0,30,0.10995189845561981,-0.07524015009403229,0.4692705527897362,10.678756979606003,-0.7289736911785605,-0.11268997764790623,-0.5025935337507947,0.025695140405325834,0.5176505031722352,0.37601905045399686,10.563762485980988,-0.0509113073348999,-0.6812071427702904,-0.0452821953858164,0.06920077972709548,-0.0828460038986355,-0.10623781676413258,0.19590643274853803,-0.1335282651072125,0.11403508771929816,0.13547758284600397,1.8,0.6,2.7,1.8,0.6,2.7
0,31,0.11233298480510712,-0.06819245219230652,0.3652011082549139,11.043958087860917,-0.031011183456470137,-0.24708788252408276,0.6880306334614241,-0.5148714110497896,0.7265654834427422,-0.24075403283033858,10.995189845561981,-0.030531734228134155,-9.873260743916035,0.0002332789744018429,-0.4444444444444444,-0.06432748538011701,-0.31189083820662766,0.01072124756335291,0.31189083820662766,0.21832358674463936,-0.1734892787524367,1.8,0.6,2.7,1.8,0.6,2.7
0,32,0.11648327112197876,-0.11710093915462494,0.37301010146593294,11.41696818932685,-0.31181198139529487,-0.6608655633044447,-0.36679038486310445,0.14311301856658853,0.12704892745936558,0.5471365822751038,11.233298480510712,0.0987902283668518,0.7047697901725769,0.10329671257849403,-0.031189083820662766,-0.17543859649122806,0.2758284600389864,-0.3401559454191033,0.42105263157894735,-0.13742690058479534,0.31189083820662766,1.8,0.6,2.7,1.8,0.6,2.7
0,33,0.12095433473587036,-0.047737475484609604,0.2911915930512904,11.708159782378141,0.7953355227317453,0.5261793964261603,-0.19494649953792376,0.6581120820827204,-0.21376166291154974,-0.5975830305150878,11.648327112197876,-0.039193034172058105,-4.890848696231842,0.09374847243609265,-0.18518518518518523,-0.3713450292397661,-0.1900584795321637,0.08966861598440556,0.06432748538011701,0.3021442495126705,0.059454191033138315,1.8,0.6,2.7,1.8,0.6,2.7
0,34,0.13549377024173737,-0.018634159117937088,0.21964658556467745,11.927806367942818,0.274236863891161,-0.860444972941268,-0.6643578305430731,-0.08655827129899385,-0.49455936681039003,0.1248000608587101,12.095433473587036,-0.04069134593009949,6.9363463670015335,-0.17371338907790282,0.4493177387914229,0.18226120857699812,-0.1578947368421053,0.37329434697855746,-0.1228070175438597,-0.2943469785575049,-0.22904483430799216,1.8,0.6,2.7,1.8,0.6,2.7
0,35,0.15855740010738373,0.017964597791433334,0.3222667841794078,12.250073152122226,-0.23823601321686172,0.13641177227026136,0.11155734814541574,-0.7795713337590393,0.29636065951141743,-0.7359540171423871,13.549377024173737,0.026387721300125122,2.9103316366672516,-0.23937196305121264,0.1793372319688109,-0.2007797270955166,-0.3070175438596491,0.031189083820662766,-0.26608187134502925,0.09161793372319682,-0.5,1.8,0.6,2.7,1.8,0.6,2.7
0,36,0.21897384524345398,0.034457579255104065,0.08152907175883983,12.331602223881067,0.7411425442137354,0.6583678182276218,0.508632255183499,0.24300104226740715,-0.8882453831434178,-0.7095729302631988,15.855740010738373,-0.02612769603729248,3.6598756909370422,-0.1278422281062853,-0.15594541910331383,0.04678362573099415,0.040935672514619936,-0.47465886939571145,0.18421052631578938,-0.4327485380116959,0.165692007797271,1.8,0.6,2.7,1.8,0.6,2.7
0,37,0.16672489047050476,-0.0026871899608522654,0.4381871402953672,12.769789364176434,-0.8236060040930013,-0.8291108660854725,0.7585675797476394,-0.9123539038206694,-0.9479896429521057,0.4924890953567682,21.897384524345398,0.09171217679977417,1.649298146367073,-0.34753651064127933,0.4493177387914229,0.368421052631579,0.26608187134502925,0.1335282651072125,-0.4892787524366472,-0.41617933723196876,-0.253411306042885,1.8,0.6,2.7,1.8,0.6,2.7
0,38,0.12477396428585052,-0.010764239355921745,0.30782785621999637,13.07761722039643,0.6152800494997981,-0.062029433979132076,0.536759202891192,-0.38211636011408534,0.4984888561875147,0.7240296174855574,16.672489047050476,-0.1356162130832672,-3.714476921595633,0.008887917366185466,-0.20370370370370372,-0.050682261208576995,0.49902534113060426,-0.4756335282651072,-0.564327485380117,0.21734892787524362,0.34113060428849895,1.8,0.6,2.7,1.8,0.6,2.7
0,39,0.10384026169776917,-0.14321956038475037,0.3539335420018692,13.431550762398299,-0.3947733168957275,-0.06474990284736881,0.7366000513786617,-0.07251991913921585,0.44762860533793725,0.497469955584648,12.477396428585052,0.06662458181381226,-0.807704939506948,-0.15550993059310544,0.34600389863547765,-0.10916179337231968,0.2777777777777777,-0.31968810916179335,0.014619883040935644,0.41033138401559444,-0.31189083820662766,1.8,0.6,2.7,1.8,0.6,2.7
0,40,0.24435459077358246,-0.28922972083091736,-0.028459910212592643,13.403090852185706,0.7703339713807364,-0.3278190343044771,0.8449446370316562,-0.23527011693652677,0.5743344181199437,0.9512453356436117,10.384026169776917,0.01736655831336975,-13.245532102882862,0.11818004092774635,-0.2485380116959064,-0.10136452241715399,0.36159844054580903,-0.12475633528265107,0.21247563352826515,0.26900584795321647,0.1150097465886939,1.8,0.6,2.7,1.8,0.6,2.7
0,41,0.20385603606700897,-0.3103100061416626,0.06174431428040866,13.464835166466115,0.6352316252285999,0.11119551521598137,0.023681061296584094,0.9462791948542502,-0.21506624084064252,0.28277311831093743,24.435459077358246,-0.06516724824905396,-14.6010160446167,0.449590449608042,0.43177387914230025,-0.22514619883040932,0.43469785575048725,-0.18908382066276808,0.28167641325536064,0.5555555555555556,0.4649122807017543,1.8,0.6,2.7,1.8,0.6,2.7
0,42,0.1675691455602646,-0.24011395871639252,0.40783749562245397,13.872672662088569,0.8027527360894009,-0.44372359148682294,-0.9471466715750914,0.08294094385919237,0.5840521917668031,-0.4780546436320332,20.385603606700897,-0.05459785461425781,-2.108028531074524,0.3722925929090088,0.37816764132553615,0.03508771929824572,0.003898635477582957,0.5126705653021442,-0.13450292397660824,0.17836257309941517,0.4307992202729045,1.8,0.6,2.7,1.8,0.6,2.7
0,43,0.15164032578468323,-0.09930431842803955,0.3262953196400573,14.198967981728625,-0.1085846158965964,-0.004198210693998394,-0.12459106656531405,0.9730853574004608,-0.300635884731987,-0.8513959082120541,16.75691455602646,0.008402764797210693,7.019604742527008,0.038927467238089895,0.4941520467836258,-0.20272904483430798,-0.43664717348927873,0.1598440545808968,0.4035087719298245,-0.22124756335282647,-0.1900584795321637,1.8,0.6,2.7,1.8,0.6,2.7
0,44,0.1264422982931137,-0.09872962534427643,0.3146045476096976,14.513572529338322,0.5895373825553754,-0.9941024012554318,0.09370047851032326,-0.4795774040607652,-0.5324655499699962,-0.05778468564965067,15.164032578468323,0.032100826501846313,14.080964028835297,-0.1264320546388957,-0.07017543859649122,-0.032163742690058506,-0.08479532163742687,0.5721247563352827,-0.18810916179337234,-0.49902534113060426,-0.0009746588693957392,1.8,0.6,2.7,1.8,0.6,2.7
0,45,0.1951753944158554,-0.13677245378494263,0.26414439278122237,14.777716922119545,-0.7242270297369577,-0.8504220788382995,-0.11533337047886016,-0.7720924382456469,-0.2671043341171435,0.8142049896370027,12.64422982931137,0.048898160457611084,0.057469308376312256,-0.1480534029702876,0.36549707602339176,-0.5389863547758285,0.09064327485380108,0.0,-0.2855750487329435,-0.024366471734892814,-0.2865497076023392,1.8,0.6,2.7,1.8,0.6,2.7
0,46,0.14260685443878174,-0.07961668819189072,0.2937176183817777,15.071434540501322,0.9150684056510308,0.7158456138466012,-0.05068328522907661,0.33369435348674337,0.25071690878155195,-0.398153895284312,19.51753944158554,0.03529787063598633,-3.80428284406662,0.1728331228587087,-0.3001949317738791,-0.4892787524366472,-0.02826510721247566,-0.44541910331384016,-0.16666666666666663,0.47270955165691997,0.334307992202729,1.8,0.6,2.7,1.8,0.6,2.7
0,47,0.13852111995220184,-0.14229056239128113,0.3496665233047308,15.421101063806052,-0.015577713823870853,0.11715447653349309,0.9931492046089665,0.4733097496483045,-0.7988158240111745,0.5838354866427178,14.260685443878174,-0.058262795209884644,5.715576559305191,-0.16249814384936975,0.2115009746588694,-0.11403508771929827,-0.09941520467836262,0.04385964912280693,0.1257309941520468,-0.165692007797271,-0.16764132553606237,1.8,0.6,2.7,1.8,0.6,2.7
0,48,0.13213291764259338,-0.17195984721183777,0.37915328217924676,15.8002543459853,0.026869941411825637,-0.9319532557248331,0.7620094460276887,0.3907054874005371,-0.3762652067338388,-0.2823794864389688,13.852111995220184,-0.07602572441101074,-6.267387419939041,-0.1081530562647291,-0.023391812865497075,0.0399610136452242,0.4522417153996101,0.22124756335282658,-0.48635477582846,0.3391812865497077,-0.2270955165692008,1.8,0.6,2.7,1.8,0.6,2.7
0,49,0.13485799729824066,-0.14470933377742767,0.33956857183498623,16.139822917820286,-0.8598955682847351,0.33456106437847133,0.24235286989835503,0.05923606655695601,0.40304064266673234,-0.8461215230816321,13.213291764259338,0.13541355729103088,-2.966928482055664,0.08120698996815622,0.016569200779727122,-0.5331384015594542,0.47270955165691997,0.23684210526315796,-0.23586744639376223,-0.1793372319688109,0.4444444444444444,1.8,0.6,2.7,1.8,0.6,2.7
0,50,0.12994161248207092,-0.12975648045539856,0.22299561060083617,16.362818528421123,-0.36791849746484195,-0.3623003596159693,0.12742572375631656,-0.4331844833511094,-0.3407058872574922,-0.07014768349983358,13.485799729824066,-0.11340901255607605,2.7250513434410095,-0.11970292697807612,-0.5350877192982456,0.08284600389863539,0.11890838206627685,0.03703703703703698,0.2485380116959064,-0.49025341130604283,-0.10233918128654973,1.8,0.6,2.7,1.8,0.6,2.7
0,51,0.10369002819061279,-0.19738852977752686,0.4693093906438679,16.83212791906499,0.41540328405767957,-0.5519354591049692,0.442036428578505,0.7639701111827852,0.6749370691970034,0.026356245119223853,12.994161248207092,0.056052207946777344,1.4952853322029114,-0.23824556799176516,-0.22027290448343084,-0.17251461988304095,0.1072124756335282,-0.18518518518518523,-0.1257309941520468,-0.025341130604288553,-0.4922027290448343,1.8,0.6,2.7,1.8,0.6,2.7
0,52,0.15548495948314667,-0.30347007513046265,0.16121670734711038,16.993344626412103,-0.9155527458634147,-0.9127625759512128,-0.8315305610324062,-0.3712946969170505,-0.16009732274513033,-0.2798727768336833,10.36900281906128,-0.10327249765396118,-6.76320493221283,0.0028688474946930694,0.23976608187134496,-0.36257309941520466,0.2192982456140351,0.0935672514619883,0.23196881091617927,-0.031189083820662766,0.08771929824561409,1.8,0.6,2.7,1.8,0.6,2.7
0,53,0.15103404223918915,-0.28581783175468445,0.24388850806024295,17.237233134472348,-0.01151989011668686,0.003307799504925324,-0.747980681491224,0.851740099470871,-0.9523418205554741,0.7059769319666218,15.548495948314667,0.07039457559585571,-10.608154535293579,0.2900497470315568,-0.4005847953216374,-0.5155945419103314,-0.14035087719298245,0.10233918128654973,0.016569200779727122,-0.1549707602339181,0.5497076023391814,1.8,0.6,2.7,1.8,0.6,2.7
0,54,0.12972532212734222,-0.2716854214668274,0.2633523235018609,17.500585457974207,-0.8472120262062348,0.6613989743026689,-0.771789317658746,-0.7975310573396435,0.9197903558807243,-0.23207517336530592,15.103404223918915,0.04248693585395813,1.7652243375778198,0.2090705319782103,-0.012670565302144277,-0.00974658869395717,-0.46101364522417154,0.42690058479532156,-0.5857699805068226,0.4122807017543859,0.3508771929824561,1.8,0.6,2.7,1.8,0.6,2.7
0,55,0.11245397478342056,-0.2932318449020386,0.3458941782414245,17.84647963621563,0.46625191179320846,-0.8916670354137999,-0.34656403201663455,0.11650839483431374,0.4052677159782869,0.3639548947276101,12.972532212734222,-0.004684180021286011,1.4132410287857056,0.19797606594648584,-0.5146198830409356,0.38596491228070184,-0.47465886939571145,-0.17056530214424948,0.10526315789473695,-0.1364522417153996,0.5214424951267056,1.8,0.6,2.7,1.8,0.6,2.7
0,56,0.12443621456623077,-0.26604318618774414,0.36637606287532754,18.21285569909096,-0.6114427372132518,-0.3963152727242665,-0.1750072258517681,0.1410403675220464,-0.8562266452757656,-0.6960248569393497,11.245397478342056,0.023869425058364868,-2.154642343521118,0.12255268393001002,0.14035087719298245,-0.24366471734892792,-0.23879142300194933,0.015594541910331383,0.20370370370370372,0.1764132553606237,0.20272904483430798,1.8,0.6,2.7,1.8,0.6,2.7
0,57,0.10595852881669998,-0.2510429918766022,0.4276727509197169,18.640528450010677,-0.8081537203614746,0.23668116880927603,-0.39302176632358843,0.17239945143658897,0.4823123771947688,0.32634770310442307,12.443621456623077,-0.0013589859008789062,2.7188658714294434,0.09709970041071898,-0.36744639376218324,-0.25828460038986356,-0.0964912280701754,0.10818713450292394,-0.33235867446393763,-0.34600389863547754,0.469785575048733,1.8,0.6,2.7,1.8,0.6,2.7
0,58,0.17548924684524536,-0.39157915115356445,0.21426093226048334,18.85478938227116,0.9430992964270168,0.5764144653788643,-0.9216617540571883,0.4519551668502271,-0.4928011583362042,0.9639973219311644,10.595852881669998,-0.1271374523639679,1.5000194311141968,-0.04353178478181153,-0.4941520467836257,0.12768031189083828,-0.2621832358674464,0.0536062378167641,0.04970760233918137,0.11793372319688111,-0.0019493177387914784,1.8,0.6,2.7,1.8,0.6,2.7
0,59,0.14092841744422913,-0.32075387239456177,0.3836496499701082,19.23843903224127,0.03741980374903919,0.8874580007386683,-0.4535027101306641,-0.9769746863688651,-0.8325867736913941,0.3689667540291697,17.548924684524536,0.06887838244438171,-14.053615927696228,0.22962662783095547,0.165692007797271,0.32456140350877183,-0.5730994152046784,0.2651072124756335,-0.29824561403508776,0.5769980506822612,0.09941520467836251,1.8,0.6,2.7,1.8,0.6,2.7
0,60,0.18180882930755615,-0.3537939190864563,0.16330954268413483,19.401748574925406,-0.874385149911364,0.8140519662045114,0.2590273464085706,-0.7046878284264368,0.7987186740027641,0.5322191792657041,14.092841744422913,0.000934302806854248,7.0825278759002686,0.07322298523325625,0.016569200779727122,0.5467836257309941,-0.2563352826510721,-0.2914230019493177,-0.4551656920077972,0.23586744639376223,0.12768031189083828,1.8,0.6,2.7,1.8,0.6,2.7
0,61,0.11764893680810928,-0.3663185238838196,0.4355450936010703,19.837293668526478,0.42694851987804183,-0.5372722469142341,-0.17604177169599478,-0.5187642887841375,0.7444749467426499,-0.4951067735992529,18.180882930755615,0.020613521337509155,-3.304004669189453,0.2783226076278142,-0.543859649122807,0.47953216374269014,0.12183235867446385,-0.48050682261208577,0.09746588693957126,0.29532163742690054,0.571150097465887,1.8,0.6,2.7,1.8,0.6,2.7
0,62,0.15078681707382202,-0.2928451895713806,0.3750372372838076,20.212330905810287,-0.11873177718173844,0.7525947282944734,0.7931757409946216,-0.6382112061480119,-0.589494092109182,-0.8129836733289673,11.764893680810928,-0.1719743013381958,-1.2524604797363281,0.030728225831309113,0.1549707602339181,-0.18615984405458086,-0.10721247563352831,-0.3021442495126706,0.4678362573099415,-0.25048732943469787,-0.07504873294346981,1.8,0.6,2.7,1.8,0.6,2.7
0,63,0.19331449270248413,-0.2615727484226227,0.07498540799365375,20.28731631380394,-0.35562771207959254,-0.8126568317991174,0.4226766042195218,0.4759978054076921,-0.8221268583389705,-0.16659900138578632,15.078681707382202,0.05788654088973999,7.3473334312438965,-0.07801637028589693,-0.08576998050682261,0.2992202729044835,0.4220272904483431,-0.37816764132553604,-0.216374269005848,-0.44249512670565305,0.17836257309941517,1.8,0.6,2.7,1.8,0.6,2.7
0,64,0.16286267340183258,-0.26759785413742065,0.1095252895789077,20.39684160338285,0.4236525968476319,0.6829038113985724,-0.5186893925108742,0.21703505607529006,-0.14026301046528422,-0.17017708484698169,19.331449270248413,0.13552531599998474,3.1272441148757935,-0.36263084651592437,-0.20662768031189083,-0.2407407407407407,0.27972709551656916,0.2836257309941521,-0.5224171539961013,-0.12962962962962965,-0.5185185185185186,1.8,0.6,2.7,1.8,0.6,2.7
0,65,0.10849849879741669,-0.41823747754096985,0.4584201269577039,20.855261730340555,-0.503410093524935,0.445411092447757,-0.4713939282568955,0.6653063854759327,0.7421155981455549,0.4473918774102992,16.286267340183258,-0.009718537330627441,-0.6025105714797974,-0.33897673556426894,0.24463937621832366,0.23879142300194922,-0.33040935672514615,0.12475633528265107,-0.0964912280701754,-0.12378167641325533,-0.5107212475633529,1.8,0.6,2.7,1.8,0.6,2.7
0,66,0.21395352482795715,-0.5297839045524597,0.3363373276751046,21.191599058015658,-0.49363875724535955,0.6767181626839194,-0.6930763022360378,-0.6062369123124791,0.9587627801857619,0.6068222390371152,10.849849879741669,-0.13494789600372314,-15.06396234035492,0.011700717112320073,-0.32163742690058483,0.232943469785575,-0.3391812865497076,0.27972709551656916,0.1764132553606237,0.2192982456140351,-0.18908382066276808,1.8,0.6,2.7,1.8,0.6,2.7
0,67,0.12403441965579987,-0.4920657277107239,0.433495853974663,21.62509491199032,0.21237276705788788,0.3708673623834289,0.7215624008314101,0.892175403140637,-0.38534219797124525,-0.12794706923110355,21.395352482795715,0.05439072847366333,-11.154642701148987,0.09435833920579155,-0.3099415204678363,0.38888888888888884,-0.4249512670565302,-0.2855750487329435,0.5896686159844056,0.3586744639376218,-0.4571150097465887,1.8,0.6,2.7,1.8,0.6,2.7
0,68,0.129444882273674,-0.4662322402000427,0.40794991928040947,22.03304483127073,0.7594210132216548,0.04827492722688387,-0.23143551791667338,-0.0012480048595413518,-0.7786562877391214,0.5219269232861605,12.403441965579987,-0.07246658205986023,3.771817684173584,-0.03014420113626102,0.1120857699805069,0.19005847953216382,0.1978557504873295,0.2992202729044835,-0.11111111111111116,-0.06627680311890838,-0.3128654970760234,1.8,0.6,2.7,1.8,0.6,2.7
0,69,0.13956817984580994,-0.45204833149909973,0.3542693147216587,22.387314145992388,0.45932682649042467,-0.8561608389922946,-0.971841938976983,0.452269554664952,0.11673118071731481,-0.3424750891357673,12.944488227367401,-0.004080682992935181,2.5833487510681152,-0.053491617101763075,0.4649122807017543,0.04775828460038989,-0.06530214424951264,0.0799220272904484,-0.45126705653021437,0.33040935672514626,-0.4629629629629629,1.8,0.6,2.7,1.8,0.6,2.7
0,70,0.12951141595840454,-0.3370092809200287,0.34076209717363926,22.728076243166026,-0.8812156428665441,0.6151180177015128,-0.3604268581272223,-0.8051541147285126,-0.2492754838156097,-0.8366810561413349,13.956817984580994,0.08802264928817749,1.4183908700942993,0.10313768869283327,0.28460038986354785,-0.47465886939571145,-0.5233918128654971,0.2943469785575048,0.07894736842105265,-0.20760233918128657,0.1578947368421053,1.8,0.6,2.7,1.8,0.6,2.7
0,71,0.1320897936820984,-0.31931501626968384,0.1758269298485041,22.90390317301453,0.7600384214990394,0.16154398332106124,0.04851598150688452,0.9593002438755436,0.27553577706326826,0.977562876561471,12.951141595840454,-0.06678178906440735,11.503905057907104,-0.12065258819100645,-0.419103313840156,0.21832358674463936,-0.19103313840155944,-0.3265107212475633,-0.08869395711500971,-0.4434697855750487,-0.007797270955165692,1.8,0.6,2.7,1.8,0.6,2.7
0,72,0.10794198513031006,-0.5249403715133667,0.3371581169449436,23.241061289959475,0.34069947917454724,0.054916208483358986,0.29310734818186845,0.49423602652540444,0.7412894628471973,0.34491683930450057,13.208979368209839,0.0956311821937561,1.7694264650344849,-0.2845506316559667,0.10818713450292394,0.06335282651072127,-0.01754385964912286,-0.08187134502923976,0.08966861598440556,0.02826510721247555,-0.5233918128654971,1.8,0.6,2.7,1.8,0.6,2.7
0,73,0.14092689752578735,-0.5438054203987122,0.2343600534183564,23.475421343377832,-0.7342801377172161,-0.22306647330264573,0.6836035695106859,0.6964285215465669,-0.8827377121324953,-0.9685237929964192,10.794198513031006,0.0017620623111724854,-20.562535524368286,0.13319957828747278,0.1978557504873295,0.0019493177387914784,0.042884990253411415,-0.014619883040935644,0.3557504873294346,0.17446393762183243,-0.031189083820662766,1.8,0.6,2.7,1.8,0.6,2.7
0,74,0.1075890064239502,-0.4706529378890991,0.3935364634624785,23.86895780684031,-0.681968450192995,-0.7398849271567263,-0.17641567864876806,-0.7297206971407071,0.010539339457539931,-0.667711736319099,14.092689752578735,-0.05036965012550354,-1.886504888534546,0.22251317787016867,-0.435672514619883,-0.1549707602339181,0.3820662768031189,0.4230019493177388,-0.1686159844054581,-0.3820662768031189,0.31968810916179335,1.8,0.6,2.7,1.8,0.6,2.7
0,75,0.13677211105823517,-0.3811691701412201,0.20863250566503805,24.077590312505347,0.7187577903828872,0.7177916546244636,0.5457193037785075,-0.20210021212625917,0.43591098750628565,-0.5484182347881581,10.75890064239502,0.03859475255012512,7.315248250961304,0.07697162971647281,-0.4113060428849903,-0.3820662768031189,0.07115009746588696,0.012670565302144166,0.04385964912280693,-0.39181286549707606,0.1072124756335282,1.8,0.6,2.7,1.8,0.6,2.7
0,76,0.11201466619968414,-0.47230130434036255,0.4559501874612759,24.533540499966623,-0.3281259715005276,0.7861630073077115,-0.8070800167139738,-0.5620698553720749,0.741993951190375,0.3190639891666365,13.677211105823517,-0.02502351999282837,8.948376774787903,-0.2498786543988817,0.25536062378167634,0.12085769980506833,0.24756335282651065,-0.15204678362573099,0.2456140350877194,-0.32748538011695905,-0.47173489278752434,1.8,0.6,2.7,1.8,0.6,2.7
0,77,0.2119676172733307,-0.5765732526779175,0.03594236980514601,24.569482869771768,-0.42449582499146055,-0.6551833805202092,0.22249310383371101,0.18936978021739237,0.9906204624424064,0.5882431649429929,11.201466619968414,-0.09626150131225586,-9.113213419914246,-0.012681776718817792,-0.19980506822612087,0.5029239766081872,-0.27972709551656916,-0.34113060428849906,0.435672514619883,0.18128654970760238,-0.3576998050682261,1.8,0.6,2.7,1.8,0.6,2.7
0,78,0.20565436780452728,-0.608540952205658,0.14808930444042465,24.717572174212194,0.32642319009780985,0.33218780035605566,0.6775980035743394,0.44661126105947746,0.8308448133338049,-0.8451373338681274,21.19676172733307,0.06864368915557861,-10.427194833755493,0.3954037842794539,-0.2592592592592593,-0.2378167641325536,0.07602339181286544,0.020467836257309857,0.52729044834308,0.297270955165692,0.34405458089668617,1.8,0.6,2.7,1.8,0.6,2.7
0,79,0.19479139149188995,-0.6265109777450562,0.14816713464965278,24.865739308861848,-0.860094227207294,-0.07490476274346958,0.2975205037486217,0.2897643747304357,-0.02677380865011547,-0.13830384786113448,20.56543678045273,-0.018022209405899048,-3.196769952774048,0.2853463482700006,0.1764132553606237,0.04580896686159841,0.33528265107212474,0.22124756335282658,0.5009746588693957,-0.30409356725146197,0.232943469785575,1.8,0.6,2.7,1.8,0.6,2.7
0,80,0.1859932541847229,-0.6169252991676331,0.1459490747349515,25.0116883835968,0.6835549163457624,0.5720624500843712,0.4454388956338251,-0.09481616140967475,-0.6748547537712124,0.6283565083154881,19.479139149188995,0.06025657057762146,-1.7970025539398193,0.2889419435469904,-0.4844054580896686,0.02826510721247555,0.2514619883040936,0.21832358674463936,0.0399610136452242,-0.07309941520467833,0.1608187134502923,1.8,0.6,2.7,1.8,0.6,2.7
0,81,0.1877058446407318,-0.6260422468185425,0.10420529526337,25.115893678860168,-0.792322910010471,-0.6449975134400285,0.06008328120567863,0.5041338878240509,0.8834139788712438,0.09632639804153431,18.59932541847229,-0.02939477562904358,0.9585678577423096,0.2942091755650978,0.21832358674463936,0.3606237816764133,0.28460038986354785,-0.03898635477582846,-0.4015594541910331,0.3908382066276803,0.12183235867446385,1.8,0.6,2.7,1.8,0.6,2.7
0,82,0.20725572109222412,-0.6201823353767395,0.14776226765846315,25.263655946518632,-0.10568864187552496,-0.9463217885805499,-0.60213156935503,-0.0788567876236812,0.6901742631723662,0.294163419043721,18.77058446407318,-0.04779919981956482,-0.9116947650909424,0.33535415362389376,-0.3070175438596491,-0.27875243664717353,0.07797270955165692,0.30116959064327475,0.25048732943469787,0.040935672514619936,0.3294346978557505,1.8,0.6,2.7,1.8,0.6,2.7
0,83,0.12975843250751495,-0.5818200707435608,0.29930231087936526,25.562958257397998,0.8922548563684549,-0.6333325436064401,0.13638678400471016,-0.9200684067488565,0.2360403563958915,0.03242600426108355,20.725572109222412,0.08306652307510376,0.5859911441802979,0.285140258865305,-0.06237816764132553,-0.530214424951267,-0.29532163742690054,0.00877192982456143,0.43664717348927873,0.19005847953216382,-0.052631578947368474,1.8,0.6,2.7,1.8,0.6,2.7
0,84,0.143241748213768,-0.5486390590667725,0.22197722566690226,25.7849354830649,-0.9535201071355908,-0.7934153896752714,-0.7710125822198075,0.5990406112362181,0.35957897162475994,0.6957832410618017,12.975843250751495,-0.07321536540985107,3.836226463317871,0.16201272501089758,0.5331384015594542,-0.398635477582846,0.09941520467836251,-0.4873294346978557,0.34600389863547765,0.13840155945419097,-0.13742690058479534,1.8,0.6,2.7,1.8,0.6,2.7
0,85,0.14533551037311554,-0.5470207333564758,0.3254387816950652,26.110374264759965,0.507682757824355,-0.21724872738267687,-0.42554183045396043,-0.08267860165695584,0.7685656475709421,0.5487616118602212,14.3241748213768,0.0250890851020813,3.318101167678833,0.23399078220089994,-0.12085769980506822,-0.4327485380116959,-0.4385964912280702,0.09941520467836251,0.1929824561403508,0.38693957115009736,0.10233918128654973,1.8,0.6,2.7,1.8,0.6,2.7
0,86,0.11976282298564911,-0.546271026134491,0.33337031957004937,26.443744584330016,0.3289613516146481,0.9161368826446443,-0.68434578738707,0.42376215842537923,0.7675755445477239,-0.6859790481763564,14.533551037311554,0.008085370063781738,0.16183257102966309,0.12971495935087884,0.2992202729044835,-0.19200779727095518,-0.3050682261208577,-0.07699805068226118,0.4522417153996101,0.331384015594542,-0.26315789473684215,1.8,0.6,2.7,1.8,0.6,2.7
0,87,0.13787491619586945,-0.6002018451690674,0.3673150480433268,26.811059632373343,0.4519757779800946,0.5961925184473149,-0.33700138895177356,0.7267090164207024,0.8163248289486098,-0.08653050241957816,11.976282298564911,0.053613632917404175,0.07497072219848633,0.13202661045720293,0.1871345029239766,0.4385964912280702,-0.47953216374269003,0.19980506822612076,0.45614035087719307,-0.3557504873294347,0.11111111111111116,1.8,0.6,2.7,1.8,0.6,2.7
0,88,0.14474409818649292,-0.6320061683654785,0.10087558039960712,26.91193521277295,0.4642198947779823,0.08103516639155184,0.6423659353630868,0.16827757833822288,-0.0698014284711046,0.10642261166267342,13.787491619586945,-0.032732635736465454,-5.393081903457642,0.0907596965942708,0.26803118908382073,0.33820662768031196,-0.29239766081871343,0.3401559454191032,0.4483430799220274,-0.08869395711500971,-0.12475633528265107,1.8,0.6,2.7,1.8,0.6,2.7
0,89,0.15282246470451355,-0.5440702438354492,0.3596740184320062,27.271609231204955,-0.9501599519282293,-0.03318931185193508,0.7295991444559939,0.7883449025627332,-0.562745896140141,-0.727021033259126,14.474409818649292,-0.025616586208343506,-3.1804323196411133,0.35450772985018375,0.2729044834307992,0.029239766081871288,0.3499025341130604,0.08966861598440556,-0.051656920077972734,0.06335282651072127,0.47173489278752445,1.8,0.6,2.7,1.8,0.6,2.7
0,90,0.17394186556339264,-0.4976118803024292,0.2530067863092854,27.52461601751424,0.8789271131808549,0.73207162379336,0.5002061958736108,0.9026723179338068,-0.06944184815097065,-0.922397188775077,15.282246470451355,-0.05177333950996399,8.79359245300293,-0.09260265972362021,-0.4463937621832359,-0.032163742690058506,0.4113060428849902,0.4766081871345029,-0.32261208576998046,-0.4113060428849903,-0.22904483430799216,1.8,0.6,2.7,1.8,0.6,2.7
0,91,0.178537517786026,-0.6685708165168762,0.18502419002252937,27.70964020753677,0.5001112137812438,0.9152015539003113,0.09234926115343112,0.9593827146442404,0.7742293207634827,-0.08553748066627787,17.394186556339264,0.02200007438659668,4.645836353302002,-0.19143847409838818,0.07797270955165692,0.3830409356725146,0.2641325536062378,0.5185185185185186,-0.06335282651072127,-0.5545808966861598,-0.3469785575048733,1.8,0.6,2.7,1.8,0.6,2.7
0,92,0.22985199093818665,-0.7143385410308838,0.24563699658059443,27.955277204117362,-0.6425532954697912,-0.34251129715384754,0.22438921744011342,-0.4092335973712198,0.15348545419107862,-0.3461882544268795,17.8537517786026,0.03614500164985657,-17.095893621444702,0.25777101692044624,0.29824561403508776,0.5263157894736843,0.016569200779727122,0.5126705653021442,0.2777777777777777,-0.16666666666666663,0.2270955165692008,1.8,0.6,2.7,1.8,0.6,2.7
0,93,0.18247276544570923,-0.6305461525917053,0.41024233988326575,28.365519544000627,0.8240293506927148,0.8109306608293445,-0.39738833725148104,-0.8756047268906124,0.11990118907979186,-0.4805573780968444,22.985199093818665,0.010163336992263794,-4.576772451400757,0.17996589823164774,-0.3421052631578947,0.07115009746588696,0.18518518518518512,0.230019493177388,0.17251461988304095,-0.18615984405458086,-0.18615984405458086,1.8,0.6,2.7,1.8,0.6,2.7
0,94,0.17770709097385406,-0.6397930979728699,0.31563334089389944,28.681152884894527,0.9417646903724717,0.09897661700640414,-0.6598348533032155,0.024288901296308563,0.951180180229048,0.5097143787210556,18.247276544570923,-0.05399137735366821,8.379238843917847,-0.031154918666732416,0.2826510721247564,0.4571150097465886,-0.18908382066276808,0.05458089668615984,0.17153996101364521,-0.2222222222222222,-0.5097465886939572,1.8,0.6,2.7,1.8,0.6,2.7
0,95,0.15663576126098633,-0.6111131310462952,0.3737988112122217,29.054951696106748,-0.5662926507385064,0.7112438511636432,0.6708471646337573,-0.06084722548457977,-0.4711056713707624,-0.05637895793580494,17.770709097385406,-0.02831965684890747,-0.9246945381164551,0.12745862641092773,0.567251461988304,0.040935672514619936,-0.39181286549707606,-0.01949317738791423,0.5224171539961013,0.2748538011695907,-0.27387914230019494,1.8,0.6,2.7,1.8,0.6,2.7
0,96,0.222688227891922,-0.7133229970932007,0.11047874413348086,29.16543044024023,-0.002876114160127008,0.1747794839339636,-0.17316138933156422,0.9566079278680337,0.6683499294134998,0.7628420417523054,15.663576126098633,-0.027003884315490723,2.8679966926574707,-0.07703307433286158,-0.10136452241715399,0.3957115009746588,0.20760233918128645,-0.03898635477582846,-0.08382066276803124,-0.014619883040935644,-0.5458089668615984,1.8,0.6,2.7,1.8,0.6,2.7
0,97,0.31177133321762085,-0.7441621422767639,-0.10902363893309984,29.05640680130713,-0.2764170704666229,-0.09055575023284512,-0.3954766444128779,-0.5428616000774344,0.05950248993025298,-0.8308918987941523,22.2688227891922,0.14283955097198486,-10.220986604690552,0.3173938882803239,-0.016569200779727122,0.07407407407407418,-0.14619883040935677,0.4298245614035088,0.19005847953216382,0.37816764132553615,0.04678362573099415,1.8,0.6,2.7,1.8,0.6,2.7
0,98,0.10359610617160797,-0.6153309941291809,0.3261916675040597,29.38259846881119,-0.09238654667248847,0.05169897125371681,0.1232786826919976,-0.7537586811267329,-0.5435493116012386,-0.2360490301547855,31.177133321762085,-0.04159659147262573,-3.0839145183563232,0.5113663348663156,-0.1734892787524367,-0.041910331384015564,-0.22807017543859653,0.22124756335282658,0.11988304093567259,0.09844054580896677,0.3576998050682261,1.8,0.6,2.7,1.8,0.6,2.7
0,99,0.12277642637491226,-0.6105638146400452,0.2112266058999102,29.5938250747111,0.944494143947038,0.3074932673457531,0.5254920795856359,0.9519426975305147,0.6776896973330468,0.41669477194470383,10.359610617160797,0.1304343342781067,12.8831148147583,0.1460270037006462,-0.051656920077972734,0.060428849902534054,0.1120857699805069,-0.1686159844054581,-0.2007797270955166,-0.050682261208576995,0.03898635477582846,1.8,0.6,2.7,1.8,0.6,2.7
0,100,0.13157005608081818,-0.6267693042755127,0.3604715616888302,29.954296636399928,0.8695642563106172,0.6346298037902727,0.6973117798705406,-0.9055224271750548,0.05949504298295283,-0.8979352287872044,12.277642637491226,-0.12105703353881836,0.4767179489135742,0.2529289045598942,0.5623781676413255,0.1549707602339181,0.26900584795321647,-0.17251461988304095,0.06627680311890849,0.16764132553606248,0.37037037037037046,1.8,0.6,2.7,1.8,0.6,2.7
0,101,0.13921964168548584,-0.6160715818405151,0.45070904092587616,30.405005677325804,-0.5326841164258229,0.7011560955500795,0.4686462564520122,-0.307885497964969,0.6344155875090556,0.2701009731337216,13.157005608081818,-0.14210715889930725,-1.620548963546753,0.10011452087938912,0.5185185185185186,0.3528265107212476,0.39766081871345027,-0.2641325536062378,0.06140350877192979,-0.3450292397660819,0.025341130604288553,1.8,0.6,2.7,1.8,0.6,2.7
0,102,0.17467842996120453,-0.6615421175956726,0.05841647796031915,30.46342215528612,-0.9007876434605349,-0.6841007899983405,0.38877055945274597,-0.4156447941402517,-0.47477203576585403,0.42482064231255534,13.921964168548584,0.08790269494056702,1.0697722434997559,-0.006835178129523456,-0.16666666666666663,0.4337231968810915,0.2807017543859649,-0.22124756335282647,0.3421052631578947,0.07699805068226118,-0.3508771929824561,1.8,0.6,2.7,1.8,0.6,2.7
0,103,0.16990850865840912,-0.6595097780227661,0.26399255742929967,30.727414712715422,0.931534831045921,0.1031772778074207,-0.9266507504928099,0.9245158113603185,0.4168521281402533,0.6067421692870163,17.467842996120453,0.05654245615005493,-4.547053575515747,0.3857630440985793,-0.543859649122807,-0.1549707602339181,0.2807017543859649,-0.20272904483430798,-0.1871345029239766,0.26608187134502925,0.3664717348927875,1.8,0.6,2.7,1.8,0.6,2.7
0,104,0.1707969605922699,-0.6618585586547852,0.32056629646735946,31.04798100918278,0.37791660109805747,-0.12430426684719209,0.8153435373243669,0.7844652588729577,-0.332756319708265,0.6780366760553143,16.990850865840912,-0.012265890836715698,0.20323395729064941,0.18191656916483573,0.13840155945419097,0.02826510721247555,-0.44834307992202727,0.3742690058479532,0.1949317738791423,0.3528265107212476,-0.1686159844054581,1.8,0.6,2.7,1.8,0.6,2.7
0,105,0.21729634702205658,-0.6964619755744934,0.17014753068951188,31.218128539872293,-0.3685735471587632,-0.07272298441480163,0.3392353954352274,-0.9321129986809624,0.9552191367319431,0.7232586917936332,17.07969605922699,-0.05365237593650818,-0.2348780632019043,0.12501910666156166,0.22124756335282658,-0.1042884990253411,-0.0292397660818714,0.4619883040935673,-0.216374269005848,0.4230019493177388,-0.36257309941520466,1.8,0.6,2.7,1.8,0.6,2.7
0,106,0.22004149854183197,-0.7063532471656799,0.0474667335644017,31.265595273436695,0.17378089230709737,-0.4201990017877386,-0.0704286544792112,-0.0015869657895202227,-0.4513686620249786,-0.06559059006932055,21.729634702205658,0.08664503693580627,-3.460341691970825,0.25946045648174354,-0.22514619883040932,-0.040935672514619936,0.21247563352826515,-0.283625730994152,0.4863547758284601,0.4083820662768032,-0.08089668615984402,1.8,0.6,2.7,1.8,0.6,2.7
0,107,0.1431700438261032,-0.6140602231025696,0.4085975311460621,31.674192804582756,0.3976323163229003,-0.8882783461519743,-0.6051124691984788,-0.5963134487622963,-0.22347607858639984,0.1518126485292226,22.004149854183197,-0.053729861974716187,-0.9891271591186523,0.3812548149392307,0.10038986354775825,-0.2514619883040936,-0.030214424951267027,0.04580896686159841,0.060428849902534054,0.06140350877192979,0.2543859649122806,1.8,0.6,2.7,1.8,0.6,2.7
0,108,0.13699908554553986,-0.5651974081993103,0.3704884485848967,32.04468125316765,-0.9205829142027133,0.4744124951450286,0.6839463424479575,0.9991036649233083,0.26599861815610115,0.34377531505679837,14.317004382610321,-0.056859105825424194,9.229302406311035,0.047398438204115066,0.24756335282651065,-0.46393762183235865,-0.23586744639376223,0.013645224171539905,-0.025341130604288553,0.13060428849902528,-0.36549707602339176,1.8,0.6,2.7,1.8,0.6,2.7
0,109,0.23810134828090668,-0.7065376043319702,0.08399287431431757,32.12867412748197,-0.6740007600576945,0.9981510283092963,0.13964201729134684,0.019907839349846634,0.1645922062973073,0.9685412389023911,13.699908554553986,0.02858787775039673,4.886281490325928,-0.0879327920199957,-0.43664717348927873,-0.020467836257309968,0.03703703703703698,0.11306042884990264,0.11695906432748537,0.19200779727095507,-0.5077972709551657,1.8,0.6,2.7,1.8,0.6,2.7
0,110,0.2381177693605423,-0.7116784453392029,0.21015386090243465,32.33882798838441,0.3558339143708005,-0.7671226576858043,0.6557139570857928,-0.920226738101521,0.6266029322054409,0.7173467945388867,23.810134828090668,0.04576593637466431,-14.134019613265991,0.33904619089560634,-0.41520467836257313,0.5906432748538011,0.06237816764132553,-0.021442495126705707,0.05165692007797262,0.5653021442495128,0.05555555555555558,1.8,0.6,2.7,1.8,0.6,2.7
0,111,0.17344754934310913,-0.670400083065033,0.24428661603985838,32.58311460442427,-0.6016011348804036,0.5398513691151583,-0.4396388219692786,-0.7536238290164154,0.15541901926305002,-0.00899264763114549,23.81177693605423,-0.009454786777496338,-0.5140841007232666,0.21288015332544794,0.21637426900584789,-0.05555555555555558,0.42105263157894735,-0.543859649122807,0.3762183235867447,0.44249512670565294,-0.3021442495126706,1.8,0.6,2.7,1.8,0.6,2.7
0,112,0.2033509910106659,-0.6332703232765198,0.07913790977713223,32.6622525142014,-0.9436044946437934,-0.1394669985258481,0.018305141274969294,0.9633946088713918,-0.7551456207629998,0.8213336735665593,17.344754934310913,0.0019140541553497314,4.127836227416992,0.2003372587980029,-0.3586744639376218,0.36257309941520477,-0.07504873294346981,-0.4005847953216374,0.20370370370370372,0.06530214424951275,-0.05458089668615984,1.8,0.6,2.7,1.8,0.6,2.7
0,113,0.14794285595417023,-0.6277289986610413,0.3457441661387941,33.00799668034019,-0.1022977935413516,-0.27422246704033193,0.6034521081078223,-0.3010727164297029,-0.23029642422153263,0.38678373079975104,20.33509910106659,-0.06827414035797119,3.7129759788513184,0.35506834099081835,-0.5730994152046784,-0.07797270955165692,0.011695906432748648,0.23099415204678353,-0.46393762183235865,0.48830409356725135,0.3879142300194931,1.8,0.6,2.7,1.8,0.6,2.7
0,114,0.19409197568893433,-0.6339234709739685,0.1523980371487248,33.16039471748891,-0.7563301533961686,-0.8985200336967543,-0.6876830303701136,0.6393146359274267,-0.4814231550103998,0.7576850018337875,14.794285595417023,0.028017908334732056,0.5541324615478516,0.10840151537315358,-0.06432748538011701,-0.18518518518518523,0.33528265107212474,-0.182261208576998,-0.1335282651072125,0.26608187134502925,-0.24366471734892792,1.8,0.6,2.7,1.8,0.6,2.7
0,115,0.16212856769561768,-0.6136836409568787,0.22380817905508935,33.384202896544004,-0.7835525431877783,0.2559479230121098,-0.6499320791307819,-0.9062090546886332,0.1859342475977379,-0.4620165670154843,19.409197568893433,0.059214234352111816,-0.6194472312927246,0.2849509914081741,-0.4551656920077972,-0.5019493177387915,-0.26315789473684215,0.3898635477582846,-0.30409356725146197,0.4249512670565303,0.22807017543859653,1.8,0.6,2.7,1.8,0.6,2.7
0,116,0.1308913230895996,-0.48879528045654297,0.3477525965815794,33.73195549312558,0.5084265528358796,0.764001621184728,-0.7207676242215877,0.08188834167288395,0.029823560897494605,-0.17744669896694698,16.212856769561768,0.005467236042022705,2.0239830017089844,0.22496663679314127,-0.4892787524366472,0.08284600389863539,-0.39473684210526316,-0.20760233918128657,0.17738791423001943,0.00974658869395717,0.067251461988304,1.8,0.6,2.7,1.8,0.6,2.7
0,117,0.14869345724582672,-0.5180618166923523,0.4369770718216983,34.16893256494728,0.7301859792437904,-0.9126398704215046,0.2868440945554187,-0.4653168169051167,-0.20624482271813127,0.998498096087594,13.089132308959961,-0.0310458242893219,12.48883605003357,-0.113106204980852,0.24171539961013644,0.4444444444444444,-0.45126705653021437,0.030214424951267027,0.013645224171539905,-0.10623781676413258,-0.32163742690058483,1.8,0.6,2.7,1.8,0.6,2.7
0,118,0.1559528261423111,-0.4820554852485657,0.2681019737479192,34.4370345386952,-0.9615099326599785,0.665855713367657,-0.9963414903174634,0.8198013371944644,-0.8343716107064667,-0.014907928050888364,14.869345724582672,-0.04538446664810181,-2.9266536235809326,0.0168796260453045,0.4434697855750487,-0.18615984405458086,0.15886939571150105,-0.30116959064327486,-0.15204678362573099,0.5204678362573099,-0.2378167641325536,1.8,0.6,2.7,1.8,0.6,2.7
0,119,0.15016573667526245,-0.4615936875343323,0.3231732514089116,34.76020779010411,-0.406679726277813,-0.7482974666398114,-0.9041475109440773,0.14553030890136265,-0.8212298753191716,-0.2311504259616255,15.59528261423111,0.014211982488632202,3.600633144378662,-0.1829876527391172,-0.2270955165692008,0.2758284600389864,-0.45906432748538006,0.3742690058479532,-0.47465886939571145,0.016569200779727122,-0.52046783625731,1.8,0.6,2.7,1.8,0.6,2.7
0,120,0.18474695086479187,-0.5170444846153259,0.27160579722971673,35.03181358733383,-0.22891620340002095,0.3401939138545602,0.6496513662326233,-0.8060221205423213,0.953112081219184,0.6740165747933307,15.016573667526245,-0.010560452938079834,2.04617977142334,-0.13011818724226554,-0.24366471734892792,-0.0799220272904484,-0.5048732943469786,0.20662768031189094,-0.4649122807017544,-0.11890838206627685,-0.2777777777777778,1.8,0.6,2.7,1.8,0.6,2.7
0,121,0.15885119140148163,-0.5432430505752563,0.326691361468021,35.35850494880185,-0.6699117675749489,-0.9215534411737403,-0.21080413928858155,0.21156044089165826,-0.8637194551393141,-0.9985267606794479,18.474695086479187,0.0649377703666687,-5.545079708099365,0.16898983333374848,-0.14814814814814814,0.13742690058479523,-0.005847953216374324,-0.5672514619883041,0.07309941520467844,0.37329434697855746,0.22612085769980506,1.8,0.6,2.7,1.8,0.6,2.7
0,122,0.15509775280952454,-0.5230785608291626,0.32529771877047686,35.68380266757233,0.8611959367017827,-0.5684497974395992,-0.145092954979273,0.40568284278839206,0.37867029233734417,-0.16070096469909356,15.885119140148163,-0.08509382605552673,-2.619856595993042,0.12330743949409786,-0.4035087719298246,-0.4551656920077972,-0.12183235867446396,0.13450292397660824,-0.3450292397660819,-0.24171539961013644,0.30799220272904493,1.8,0.6,2.7,1.8,0.6,2.7
0,123,0.1501692682504654,-0.5861595869064331,0.4096944065412242,36.09349707411356,-0.5952342360576475,-0.4516420894190116,0.47096936993913974,-0.0626619768880281,0.5483179203065547,0.22248412511226845,15.509775280952454,-0.008001923561096191,2.016448974609375,-0.12611523495523297,0.2641325536062378,-0.3879142300194932,-0.12183235867446396,0.19590643274853803,0.11013645224171542,-0.12670565302144254,-0.33235867446393763,1.8,0.6,2.7,1.8,0.6,2.7
0,124,0.16719673573970795,-0.5816519856452942,0.32853445541659754,36.42203152953015,-0.51091679959241,0.22909083624738247,0.4044548706258042,0.46012501179838905,0.4551431987521295,-0.4057790601161231,15.01692682504654,-0.03588944673538208,-6.308102607727051,-0.043595678715318636,-0.2826510721247564,-0.31481481481481477,0.22027290448343084,-0.09454191033138404,0.25536062378167634,0.10038986354775825,-0.34600389863547754,1.8,0.6,2.7,1.8,0.6,2.7
0,125,0.15968073904514313,-0.6161352396011353,0.30885357138704383,36.7308851009172,0.3260369507878851,0.7023662658430898,-0.7928680901133474,0.034467131483536306,0.23393827360418484,-0.6458715227483887,16.719673573970795,0.00964626669883728,0.4507601261138916,-0.11836721285582617,-0.3128654970760234,0.11013645224171542,0.2007797270955165,0.19005847953216382,0.2407407407407407,-0.2699805068226121,-0.3615984405458089,1.8,0.6,2.7,1.8,0.6,2.7
0,126,0.19059307873249054,-0.6747218370437622,0.11881918216119838,36.849704283078395,0.2572548881898835,-0.21524069051097872,-0.25124958852180046,0.9374415823296143,0.23466860702541092,0.37620130676968855,15.968073904514313,0.029824674129486084,-3.4483253955841064,0.1408344740398803,0.19980506822612076,0.4434697855750487,-0.3499025341130604,0.03703703703703698,0.14522417153996092,-0.4044834307992202,0.30896686159844045,1.8,0.6,2.7,1.8,0.6,2.7
0,127,0.14417192339897156,-0.6299046277999878,0.37686254729199964,37.226566830370395,0.7385519047945746,-0.41716867722739237,-0.48792587500382334,0.17891684505396466,-0.17505127189879066,-0.3807334548410215,19.059307873249054,0.101461261510849,-5.858659744262695,0.3197365415741754,0.16179337231968804,-0.15107212475633525,-0.16959064327485385,0.4766081871345029,0.08674463937621835,0.1578947368421053,0.2962962962962963,1.8,0.6,2.7,1.8,0.6,2.7
0,128,0.147318035364151,-0.5083328485488892,0.41657442302181924,37.643141253392216,-0.2644260003144261,0.6098835908533855,-0.3651589220816971,0.8818692779631241,-0.4229141205952496,-0.8341030631786033,14.417192339897156,0.12577027082443237,4.481720924377441,0.07874318803370702,0.4463937621832359,-0.23684210526315785,-0.2758284600389863,0.2534113060428851,-0.04385964912280704,-0.15984405458089668,-0.18128654970760238,1.8,0.6,2.7,1.8,0.6,2.7
0,129,0.1499488353729248,-0.5072411894798279,0.4513397243643331,38.09448097775655,-0.3845285165212673,0.04200087666764363,-0.18826881101869675,0.8024313928930584,-0.5293174801561555,-0.867728098067007,14.7318035364151,-0.261455774307251,12.157177925109863,-0.03781223013536577,-0.17251461988304095,0.3177387914230019,-0.23879142300194933,0.5243664717348928,-0.25828460038986356,-0.5038986354775828,0.059454191033138315,1.8,0.6,2.7,1.8,0.6,2.7
0,130,0.12928587198257446,-0.5104677677154541,0.43206560893273604,38.526546586689285,0.13475254436304396,0.28656006727806527,-0.7527593870927014,-0.9283117136823873,-0.6457268463798604,0.3542751598483107,14.99488353729248,0.0481337308883667,0.10916590690612793,0.0020348596094193127,-0.232943469785575,0.0399610136452242,-0.11111111111111116,0.48830409356725135,-0.32748538011695905,-0.5233918128654971,0.22514619883040932,1.8,0.6,2.7,1.8,0.6,2.7
0,131,0.12525951862335205,-0.48763182759284973,0.423758640270974,38.95030522696026,-0.32286737851809555,-0.5256987354425051,0.16075374517181706,0.9659454931003735,-0.14712507646397088,-0.08488648284539635,12.928587198257446,-0.03305599093437195,-0.32265782356262207,-0.0294401173714031,0.08771929824561409,0.1978557504873295,-0.3635477582846004,-0.1578947368421053,-0.3664717348927875,0.19200779727095507,-0.22027290448343084,1.8,0.6,2.7,1.8,0.6,2.7
0,132,0.12468811124563217,-0.5056275725364685,0.4132552453340812,39.36356047229434,0.6318415239717825,-0.07861527411239266,0.13685365980256803,0.34959368135600055,-0.3913789267590029,-0.008767008302775992,12.525951862335205,0.03960654139518738,2.283594012260437,-0.03938099340694,-0.20467836257309946,-0.3450292397660819,0.03606237816764124,0.22612085769980506,-0.1228070175438597,-0.06432748538011701,-0.07504873294346981,1.8,0.6,2.7,1.8,0.6,2.7
0,133,0.1605227142572403,-0.5534119009971619,0.44801422945035285,39.81157470174469,-0.28000341493255654,-0.72441927553036,-0.7648942612167418,0.5432109661370641,0.12434983374579778,0.3666877768188803,12.468811124563217,0.01903921365737915,-1.7995744943618774,0.050117602855494346,0.38401559454191037,-0.07699805068226118,0.04483430799220267,0.18810916179337234,-0.25536062378167645,-0.025341130604288553,0.1793372319688109,1.8,0.6,2.7,1.8,0.6,2.7
0,134,0.15254054963588715,-0.5643491744995117,0.3988781260262402,40.21045282777093,-0.4733490398104274,0.6975151153280539,-0.13082785477548708,-0.09141824162538015,0.9825867399749613,0.029116870697517783,16.05227142572403,-0.0139579176902771,-4.778432846069336,-0.0013590633007344384,-0.17153996101364521,-0.41812865497076024,-0.45029239766081874,0.32163742690058483,0.0721247563352827,0.22222222222222232,-0.44541910331384016,1.8,0.6,2.7,1.8,0.6,2.7
0,135,0.13270100951194763,-0.5264042019844055,0.4266731558359105,40.637125983606836,0.24775560160676235,0.07771031593733957,-0.337133761267141,-0.847359042130883,0.2909282068994814,-0.5341336418640978,15.254054963588715,-0.03261342644691467,-1.0937273502349854,0.053505912683570814,-0.30311890838206623,0.14814814814814814,-0.15984405458089668,-0.10623781676413258,0.5516569200779726,0.005847953216374213,-0.15594541910331383,1.8,0.6,2.7,1.8,0.6,2.7
0,136,0.13264641165733337,-0.4696974456310272,0.41067613262486036,41.04780211623169,0.6584626257076136,0.42041930197328625,-0.9199225629688192,0.9928136111400407,-0.23833090009876168,-0.42116519932352015,13.270100951194763,-0.00502467155456543,3.79449725151062,0.03345952954555018,0.14912280701754388,0.07699805068226118,-0.1764132553606238,-0.4005847953216374,0.2826510721247564,-0.23879142300194933,-0.0828460038986355,1.8,0.6,2.7,1.8,0.6,2.7
0,137,0.1344810575246811,-0.4917609691619873,0.34513336805790584,41.3929354842896,0.2990365199436056,-0.9781270165161713,0.9756574786838854,-0.1262142218852258,-0.2509023569028008,0.41688169389015095,13.264641165733337,0.07896870374679565,5.67067563533783,0.04947841150105571,0.4035087719298245,0.2651072124756335,-0.5380116959064327,0.14619883040935666,-0.14230019493177393,-0.24561403508771928,0.15399610136452235,1.8,0.6,2.7,1.8,0.6,2.7
0,138,0.15076999366283417,-0.5108497738838196,0.2305498235274044,41.623485307817006,0.699347995256095,-0.9362522945705058,0.7402643298771656,0.20258743000915347,-0.08898885867516593,0.1483869071089292,13.44810575246811,0.08847638964653015,-2.2063523530960083,0.114288290902452,0.18518518518518512,-0.3713450292397661,0.08576998050682261,-0.08674463937621835,-0.165692007797271,0.23099415204678353,0.15399610136452235,1.8,0.6,2.7,1.8,0.6,2.7
0,139,0.13039986789226532,-0.5494548082351685,0.4208622805335449,42.044347588350554,-0.9342406761366429,0.4235006865507618,0.2832593791380438,0.7135103264990665,0.589286674479397,0.01144637254119485,15.076999366283417,-0.08178949356079102,-1.9088804721832275,0.22251022138703008,0.41520467836257313,-0.5925925925925926,0.3820662768031189,0.04483430799220267,-0.10331384015594547,0.06140350877192979,0.469785575048733,1.8,0.6,2.7,1.8,0.6,2.7
0,140,0.17778263986110687,-0.6186898350715637,0.1777160570867204,42.222063645437274,-0.25643842979685516,-0.6166251905477842,0.8055531416586836,-0.26805270375372725,-0.7807313505604152,0.546376393795478,13.039986789226532,-0.04398748278617859,-3.8605034351348877,0.04019427972609577,-0.2777777777777778,-0.06530214424951264,0.09941520467836251,0.24269005847953218,0.26023391812865504,-0.020467836257309968,-0.11988304093567248,1.8,0.6,2.7,1.8,0.6,2.7
0,141,0.17669431865215302,-0.622795045375824,0.2628507963282606,42.48491444176553,-0.47523463763200025,0.7180086125412901,-0.8794032688647857,0.39063807492115177,-0.6810032861140307,0.9620141436825711,17.778263986110687,0.04057437181472778,-6.923502683639526,0.26534888667292383,-0.15594541910331383,-0.3401559454191033,0.5126705653021442,-0.11890838206627685,-0.25048732943469787,0.334307992202729,0.09844054580896677,1.8,0.6,2.7,1.8,0.6,2.7
0,142,0.16495637595653534,-0.6299124360084534,0.23096257846341015,42.715877020228945,0.10516990395452619,-0.6368074885363302,0.019490274102287763,0.912516391117892,0.3642706085146863,-0.9889565992316915,17.6694318652153,-0.016321241855621338,-0.4105210304260254,0.18060392898171707,-0.2962962962962963,0.2709551656920077,-0.14619883040935677,0.2456140350877194,-0.41617933723196876,0.5750487329434697,-0.21734892787524362,1.8,0.6,2.7,1.8,0.6,2.7
0,143,0.17708776891231537,-0.6170072555541992,0.21304469417356142,42.928921714402506,0.4727325176371202,-0.8198597112266559,0.9029546638998383,-0.8304204635248076,0.19612532433918117,-0.9956591165923914,16.495637595653534,0.041281431913375854,-0.7117390632629395,0.21676417974918252,0.06140350877192979,-0.27875243664717353,-0.007797270955165692,0.49610136452241704,0.19200779727095507,-0.13547758284600386,0.15399610136452235,1.8,0.6,2.7,1.8,0.6,2.7
0,144,0.2198222279548645,-0.676069438457489,0.04064881605327894,42.96957053045578,-0.9057957619097494,0.42105161378926614,0.09050809618997002,-0.03392485648066068,0.9950685270833108,0.6178072145576896,17.708776891231537,-0.08164197206497192,1.290518045425415,0.23026899476379756,0.2787524366471734,-0.5146198830409356,0.5633528265107213,-0.10038986354775825,0.13742690058479523,-0.5614035087719298,0.4649122807017543,1.8,0.6,2.7,1.8,0.6,2.7
0,145,0.24897561967372894,-0.6961294412612915,0.15842677422132165,43.1279973046771,0.06957352416896634,0.7646060970791491,0.8824782360503896,-0.6128370380590145,0.05536413761976555,0.8755060184033456,21.98222279548645,0.03944113850593567,-5.9062182903289795,0.38814331391787515,-0.41033138401559455,0.15886939571150105,0.030214424951267027,-0.04873294346978563,0.537037037037037,0.0536062378167641,0.4522417153996101,1.8,0.6,2.7,1.8,0.6,2.7
0,146,0.19405296444892883,-0.6860945820808411,0.13461765701202782,43.26261496168913,-0.9567292640283342,0.8729658345682048,-0.655320986228126,-0.37819456048666344,-0.1326342188896632,-0.09945260485826646,24.897561967372894,0.06572753190994263,-2.006000280380249,0.2613124479861594,0.03801169590643272,0.4307992202729045,0.5009746588693957,-0.3908382066276803,0.030214424951267027,0.5458089668615984,-0.16276803118908378,1.8,0.6,2.7,1.8,0.6,2.7
0,147,0.1611449271440506,-0.632386326789856,0.355127239627243,43.617742201316375,-0.4130429615194262,0.073362281470291,-0.3799200764855484,-0.8961977019715326,-0.05503223175915628,0.41552470912117867,19.405296444892883,-0.01933276653289795,1.003485918045044,0.30274476758789964,-0.5730994152046784,0.560428849902534,0.04970760233918137,-0.18615984405458086,-0.05653021442495132,-0.020467836257309968,0.32553606237816757,1.8,0.6,2.7,1.8,0.6,2.7
0,148,0.15389330685138702,-0.6279627084732056,0.42273695183783644,44.04047915315421,0.4960520505526631,0.4637252784769921,0.671535875835664,-0.15623029060605442,0.13710717119217586,0.4716588370851187,16.11449271440506,-0.00879243016242981,5.370825529098511,0.09401387877875922,-0.2485380116959064,0.08771929824561409,-0.12670565302144254,-0.41033138401559455,0.005847953216374213,0.2884990253411306,-0.2592592592592593,1.8,0.6,2.7,1.8,0.6,2.7
0,149,0.17277389764785767,-0.6190847158432007,0.23836239059169698,44.278841543745905,0.9414309786945547,0.9024094081935568,0.18082362132279717,-0.8204063546653908,-0.5875511377717653,-0.06935520845096965,15.389330685138702,-0.07671937346458435,0.44236183166503906,0.02913261079412545,0.2894736842105263,0.22904483430799227,0.2485380116959064,-0.20467836257309946,0.0536062378167641,0.2748538011695907,-0.23684210526315785,1.8,0.6,2.7,1.8,0.6,2.7
0,150,0.15459144115447998,-0.6106047034263611,0.31826187454308186,44.59710341828899,-0.01959160201618415,-0.10323032710737468,-0.40228530318043876,-0.6655748302721036,-0.5574793211345555,0.080173386287135,17.277389764785767,0.04264935851097107,0.8877992630004883,0.20650525475521403,0.5653021442495128,0.5545808966861598,0.12768031189083828,-0.43664717348927873,-0.29532163742690054,0.0019493177387914784,0.32456140350877183,1.8,0.6,2.7,1.8,0.6,2.7
0,151,0.1474917083978653,-0.5819271802902222,0.4484131304598752,45.045516548748864,0.17236035563817853,-0.6727096682899738,-0.02585704438755365,0.41386616662601106,-0.2686900601902482,0.31045141492134376,15.459144115447998,-0.054607540369033813,0.84800124168396,0.13334285588848946,-0.0019493177387914784,0.25536062378167634,-0.09259259259259256,-0.36257309941520466,-0.3050682261208577,0.06627680311890849,0.13547758284600397,1.8,0.6,2.7,1.8,0.6,2.7
0,152,0.1697063148021698,-0.5213620066642761,0.2895690370720878,45.33508558582095,-0.9746001812755754,-0.6167731431146617,-0.6041657060944372,-0.14258363201562219,-0.2480501759173801,-0.9993038955570841,14.74917083978653,-0.0006444752216339111,2.8677523136138916,-0.0059065052512195845,0.10331384015594547,-0.42397660818713445,-0.0399610136452242,0.18226120857699812,-0.19590643274853803,0.17738791423001943,-0.16374269005847952,1.8,0.6,2.7,1.8,0.6,2.7
0,153,0.19372360408306122,-0.46695661544799805,0.2074267943991874,45.54251238022014,-0.10079403386287833,0.8583490962150249,-0.8419432774476932,0.31272307467957283,0.3709599241112096,0.3429583213118257,16.97063148021698,0.019909441471099854,6.0565173625946045,-0.15641386298857027,-0.5682261208576997,-0.3557504873294347,-0.3050682261208577,-0.033138401559454245,-0.11598440545808963,-0.34600389863547754,-0.28752436647173485,1.8,0.6,2.7,1.8,0.6,2.7
0,154,0.16658368706703186,-0.5558489561080933,0.36764098564456804,45.91015336586471,0.837505188739039,-0.2890829378489599,-0.7281173694761724,0.03263901052784157,0.004786039110123763,0.2609832087101338,19.372360408306122,0.007195770740509033,5.440539121627808,-0.23004878112469102,-0.0828460038986355,0.1608187134502923,-0.5760233918128654,0.1257309941520468,0.16959064327485374,-0.032163742690058506,-0.4444444444444444,1.8,0.6,2.7,1.8,0.6,2.7
0,155,0.1746394783258438,-0.6135690212249756,0.30934988487957404,46.21950325074428,0.2671079962018956,0.13938090205110543,-0.27022562034735165,0.9149492575404028,-0.5588992165504238,0.6775506068793726,16.658368706703186,-0.026413053274154663,-8.889234066009521,-0.07948599992871218,0.5107212475633529,-0.15302144249512672,-0.4434697855750487,0.013645224171539905,-0.0019493177387914784,0.15399610136452235,-0.40253411306042886,1.8,0.6,2.7,1.8,0.6,2.7
0,156,0.176761656999588,-0.637999951839447,0.1968180642899901,46.416321315034274,0.8376269700774261,0.3032583211861761,0.4283522741953314,0.707078814345242,0.8570185523792861,-0.30749898288421784,17.46394783258438,0.11665523052215576,-5.772006511688232,0.13484367793337557,0.15594541910331383,0.021442495126705596,-0.24658869395711502,0.3830409356725146,-0.4064327485380117,0.37524366471734893,0.11598440545808963,1.8,0.6,2.7,1.8,0.6,2.7
0,157,0.20632417500019073,-0.6819598078727722,0.20275722794935247,46.61907854298363,-0.2529996182203371,-0.6213820999855602,-0.3429929749573781,0.30041828499251433,0.3166456542380054,0.8403099600211708,17.6761656999588,-0.03530234098434448,-2.4430930614471436,0.24661251304231543,0.49902534113060426,0.10331384015594547,-0.1364522417153996,0.3664717348927875,0.040935672514619936,-0.22807017543859653,0.5760233918128654,1.8,0.6,2.7,1.8,0.6,2.7
0,158,0.21663077175617218,-0.6708805561065674,0.2905428857394222,46.90962142872305,-0.3285500402561683,0.18003502826568418,-0.34401581222962174,0.48184571296214873,0.7614913453291532,0.22248901070796445,20.632417500019073,-0.05340278148651123,-4.3959856033325195,0.23045517133332158,-0.13840155945419108,-0.32748538011695905,-0.16764132553606237,0.17738791423001943,0.168615984405458,0.42690058479532156,-0.06140350877192979,1.8,0.6,2.7,1.8,0.6,2.7
0,159,0.21850042045116425,-0.6681832075119019,0.3177103872736784,47.22733181599673,0.15417674606457776,0.41228023999533225,-0.2587438245005562,-0.839849866635741,0.5193615684426056,0.6379064236876535,21.663077175617218,0.07713437080383301,1.1079251766204834,0.13928094062987906,-0.21247563352826515,0.040935672514619936,-0.253411306042885,0.24951267056530213,0.4493177387914229,0.14230019493177393,-0.2729044834307992,1.8,0.6,2.7,1.8,0.6,2.7
0,160,0.2026078999042511,-0.67746502161026,0.15980583843442112,47.38713765443115,0.6522669377037582,0.4903957965482093,-0.04263018336325963,0.6475648214256238,-0.11735774261342424,0.6542430699279338,21.850042045116425,-0.15334486961364746,0.26973485946655273,0.11150804267722189,0.08771929824561409,0.23586744639376223,-0.1442495126705653,-0.3576998050682261,0.32748538011695905,0.38596491228070184,-0.3937621832358674,1.8,0.6,2.7,1.8,0.6,2.7
0,161,0.16362504661083221,-0.5716824531555176,0.29537103053615943,47.68250868496731,0.3043164878906941,0.2957835551655459,-0.018310364001581814,-0.6189772688061013,-0.6251820054786585,-0.3006278276621357,20.26078999042511,0.14072135090827942,-0.9281814098358154,0.2746499627385453,0.3849902534113061,0.28460038986354785,-0.04678362573099415,0.10331384015594547,-0.08869395711500971,0.4035087719298245,0.05458089668615984,1.8,0.6,2.7,1.8,0.6,2.7
0,162,0.18224948644638062,-0.5281665325164795,0.2695721332009574,47.95208081816827,0.7554055268190176,0.9315900193720641,0.6022674320912633,-0.08238803719421872,0.9173159819375776,0.6432033537106798,16.36250466108322,-0.06996691226959229,10.578256845474243,-0.15284822924490682,0.18323586744639386,0.19688109161793377,0.022417153996101336,-0.09161793372319693,-0.27972709551656916,-0.050682261208576995,-0.5155945419103314,1.8,0.6,2.7,1.8,0.6,2.7
0,163,0.15128089487552643,-0.6236085295677185,0.3290273597325659,48.28110817790083,0.6137598857015791,-0.7250647989521404,-0.7855039122662466,-0.036821579299014306,-0.07483820913964867,-0.5463361957312081,18.22494864463806,0.01383945345878601,4.351592063903809,-0.1719040749777256,0.4444444444444444,0.5116959064327486,0.24366471734892792,-0.12962962962962965,-0.09161793372319693,0.29532163742690054,-0.5292397660818713,1.8,0.6,2.7,1.8,0.6,2.7
0,164,0.15169519186019897,-0.5750515460968018,0.4060030005613636,48.687111178462196,-0.795738083286673,0.9210117637090189,-0.7094120621550561,-0.1550406763504062,0.3565353698192124,-0.7014001970297452,15.128089487552643,-0.022364407777786255,-9.544199705123901,0.12383731357151599,0.38109161793372315,-0.012670565302144277,-0.1871345029239766,0.025341130604288553,-0.013645224171540016,-0.2485380116959064,0.08869395711500982,1.8,0.6,2.7,1.8,0.6,2.7
0,165,0.1514212042093277,-0.5755320191383362,0.41288082495759704,49.09999200341979,-0.23539832840430241,0.025625997379276955,0.42465673723651265,0.34555683195430964,0.7717119168176232,-0.5282063493965925,15.169519186019897,-0.0007711350917816162,4.855698347091675,0.04670342627512585,-0.3265107212475633,0.37037037037037046,-0.435672514619883,-0.0799220272904484,0.22417153996101358,-0.3957115009746589,0.04483430799220267,1.8,0.6,2.7,1.8,0.6,2.7
0,166,0.14683282375335693,-0.5926067233085632,0.43639299828767614,49.536385001707465,-0.7909619530319927,-0.12011198132239853,-0.6556364803416355,0.1380973766542306,-0.7942739226304889,0.305282711306752,15.14212042093277,0.01931115984916687,-0.04804730415344238,0.03993023689858512,-0.1549707602339181,-0.02729044834307992,0.034113060428849984,0.10038986354775825,0.4005847953216375,-0.34307992202729043,0.09746588693957126,1.8,0.6,2.7,1.8,0.6,2.7
0,167,0.1435052901506424,-0.5040937066078186,0.404747425780142,49.94113242748761,0.6614379087382634,-0.7540146885619254,0.13830654279479782,-0.4304757964738497,-0.9544873522961559,0.15619234222712342,14.683282375335693,-0.04354342818260193,-1.707470417022705,0.0181810439924127,-0.47758284600389866,-0.05555555555555558,-0.2826510721247564,0.11306042884990264,-0.1578947368421053,0.17251461988304095,-0.2543859649122807,1.8,0.6,2.7,1.8,0.6,2.7
0,168,0.14634308218955994,-0.49803587794303894,0.43943873064195116,50.38057115812956,-0.6716826287617639,0.43098791852705864,0.5718856808406623,0.4418479438032632,0.3221326003193632,0.6316626607806963,14.35052901506424,0.001506507396697998,8.851301670074463,-0.05111785565507018,0.17738791423001943,-0.4171539961013645,0.12670565302144254,-0.10818713450292394,-0.4649122807017544,0.16666666666666674,-0.2758284600389863,1.8,0.6,2.7,1.8,0.6,2.7
0,169,0.18846994638442993,-0.5866776704788208,0.12418248260581108,50.50475364073537,0.6020355277693201,-0.7312211137182745,0.16278634804179015,-0.824585948059869,-0.7042264761317849,0.5891010006635256,14.634308218955994,0.010254979133605957,0.6057828664779663,0.015324680874935994,-0.3879142300194932,0.09844054580896677,0.29337231968810906,-0.014619883040935644,-0.317738791423002,0.3099415204678362,-0.014619883040935644,1.8,0.6,2.7,1.8,0.6,2.7
0,170,0.14325232803821564,-0.5523736476898193,0.28712048225443376,50.79187412298981,0.283144587878412,-0.5618754159400268,-0.35690866162420365,-0.03769486138325551,0.9979932405536587,0.2279564394842215,18.846994638442993,0.05335584282875061,-8.864179253578186,0.3151106267050014,0.2826510721247564,-0.34892787524366475,0.13157894736842102,-0.2777777777777778,-0.34113060428849906,0.3606237816764133,0.4142300194931774,1.8,0.6,2.7,1.8,0.6,2.7
0,171,0.2109166532754898,-0.5914852619171143,0.06497540770375337,50.856849530693566,0.15627325684472426,-0.8657048164619381,-0.538975879985687,0.5672292733754241,-0.6344110757371659,0.41091393640554563,14.325232803821564,0.05588829517364502,3.4304022789001465,0.1688434003825672,0.17543859649122817,-0.32748538011695905,-0.21345029239766078,-0.03801169590643272,0.1949317738791423,0.1257309941520468,0.18226120857699812,1.8,0.6,2.7,1.8,0.6,2.7
0,172,0.20980747044086456,-0.6221856474876404,0.0848483164816548,50.94169784717522,-0.9785137355283589,0.479155181012205,-0.15075413121014014,0.7031909040984765,0.7807964457364134,0.6756785087878163,21.09166532754898,-0.060398876667022705,-3.911161422729492,0.36671630033601066,0.10136452241715399,-0.5097465886939572,-0.32456140350877194,0.3362573099415205,-0.32163742690058483,0.2485380116959064,0.5545808966861598,1.8,0.6,2.7,1.8,0.6,2.7
0,173,0.21349239349365234,-0.626930296421051,0.07704059268219351,51.018738439857415,-0.886912952680228,-0.13114913987697863,0.6629657565923213,0.06099693704028697,-0.8461932409444421,-0.9101500033364363,20.980747044086456,-0.008982419967651367,-3.0700385570526123,0.3472090737894073,-0.5896686159844055,-0.04483430799220278,-0.16666666666666663,0.3508771929824561,0.042884990253411415,0.37037037037037046,0.371345029239766,1.8,0.6,2.7,1.8,0.6,2.7
0,174,0.18170545995235443,-0.6465567946434021,0.20574406827789485,51.22448250813531,0.0849591392390665,0.39483005158113316,0.6887936580312883,0.24063209937906094,0.6307751275532376,0.5190534369210129,21.349239349365234,0.0038698315620422363,-0.47446489334106445,0.3538058307483589,-0.550682261208577,-0.09941520467836262,0.4005847953216375,0.05653021442495132,-0.19298245614035092,-0.21247563352826515,0.5896686159844056,1.8,0.6,2.7,1.8,0.6,2.7
0,175,0.20736926794052124,-0.6803624629974365,0.3492437653595404,51.57372627349485,-0.10891451424950715,0.014161687323510863,0.17763925578514717,0.3191322546684059,-0.12411859069791675,-0.01958401275173438,18.170545995235443,0.005288422107696533,-1.9626498222351074,0.2359246878238805,0.032163742690058506,0.21052631578947367,0.3742690058479532,0.07115009746588696,0.026315789473684292,0.1442495126705654,0.269980506822612,1.8,0.6,2.7,1.8,0.6,2.7
