Episode,Ind_Q1_Loss,Ind_Q2_Loss,Ind_Policy_Loss,Pop_Q1_Loss,Pop_Q2_Loss,Pop_Policy_Loss
5,0.13512611,0.13816005,-4.2336364,0,0,0
6,0.033200964,0.04322454,-5.9250593,0,0,0
7,0.04412718,0.04163897,-7.63529,0,0,0
8,0.07124459,0.09192136,-9.20137,0,0,0
9,0.07752049,0.06512417,-12.246172,0,0,0
10,0.12666342,0.093584806,-13.905142,0,0,0
11,0.0670502,0.070542514,-19.39636,0,0,0
12,0.12879983,0.09598096,-22.290394,0,0,0
13,0.12661973,0.09357933,-22.61343,0,0,0
14,0.21844521,0.2502112,-26.436749,0,0,0
15,0.25473577,0.15914309,-27.514267,0,0,0
16,0.52489984,0.37324336,-31.955914,0,0,0
17,0.4352828,0.76683277,-31.483788,0,0,0
18,1.6436338,0.98870254,-39.252167,0,0,0
