Episode,Ind_Q1_Loss,Ind_Q2_Loss,Ind_Policy_Loss,Pop_Q1_Loss,Pop_Q2_Loss,Pop_Policy_Loss
5,0.16359982,0.1617415,-4.6724463,0,0,0
6,0.020107124,0.018152617,-5.630268,0,0,0
7,0.02730728,0.019123746,-6.1295033,0,0,0
8,0.08690124,0.072355196,-10.855933,0,0,0
9,0.031449758,0.050240744,-13.771965,0,0,0
10,0.13188228,0.14442691,-14.968273,0,0,0
11,0.20088129,0.17879783,-19.083317,0,0,0
12,0.15407164,0.28632239,-26.256992,0,0,0
13,0.38460684,0.33008498,-29.803679,0,0,0
14,0.1252791,0.15151174,-31.412113,0,0,0
15,0.04942693,0.055924397,-34.991932,0,0,0
16,0.26937842,0.05704712,-36.602158,0,0,0
17,0.042921722,0.0934231,-38.427555,0,0,0
18,0.067074075,0.08068677,-40.03844,0,0,0
19,0.033225335,0.10189081,-41.381306,0,0,0
20,0.10340744,0.15767854,-42.63436,0,0,0
21,0.04443336,0.07076077,-43.839123,0,0,0
22,0.08978394,0.058123104,-43.597637,0,0,0
23,0.027009405,0.014439398,-44.178314,0,0,0
24,0.082467176,0.028697819,-45.867752,0,0,0
25,0.027110938,0.021411007,-45.65101,0,0,0
26,0.052918628,0.08446856,-43.964195,0,0,0
27,0.051661823,0.06134722,-46.161057,0,0,0
28,0.03517199,0.028209835,-47.196465,0,0,0
29,0.043817006,0.026069723,-48.20587,0,0,0
30,0.055773035,0.044119097,-47.740738,0,0,0
