Episode,Timestep,X_Position,Y_Position,Rewards,Cumulative_Rewards,Motor1_Action,Motor2_Action,Motor3_Action,Motor4_Action,Motor5_Action,Motor6_Action,X_State,Y_State,Z_State,Y_Heading,Motor1_Pos,Motor2_Pos,Motor3_Pos,Motor4_Pos,Motor5_Pos,Motor6_Pos,Plate1,Plate2,Plate3,Plate4,Plate5,Plate6,Plate7
0,0,-2.3606038093566895,-0.06819600611925125,1.057777418999075,1.057777418999075,-0.7771795737816505,-0.010401930330512732,0.9267268868253262,0.46405389084859605,0.9025468840092887,0.4841449206078061,-236.0602617263794,10.27277261018753,-6.821952760219574,-0.3680162805702287,-0.006822612085769952,-0.00877192982456143,-0.0029239766081871066,0.0019493177387914784,0.0019493177387914784,-0.0019493177387914784,1.8,0.6,2.7,1.8,0.6,2.7,1.8
0,1,-2.3682196140289307,0.10056392848491669,1.0555173473553763,2.1132947663544512,0.4972715124440885,-0.14681973407545845,-0.9571378359997595,-0.20254614689666517,-0.7289289202971023,-0.519506699133774,-236.06038093566895,10.27342975139618,-6.819600611925125,-0.36787884413195016,-0.48245614035087714,-0.012670565302144277,0.5526315789473684,0.28167641325536064,0.5545808966861598,0.2914230019493178,1.8,0.6,2.7,1.8,0.6,2.7,1.8
0,2,-2.5639705657958984,-0.1740923672914505,0.9990545543727113,3.1123493207271626,-0.8392276703775412,0.9077670768930506,-0.7165549245078893,-0.9947296681881115,-0.5678096757803857,-0.9991954964980889,-236.82196140289307,10.187721997499466,10.056392848491669,-0.30499112096392805,0.2992202729044835,-0.07309941520467833,-0.27972709551656916,-0.08382066276803124,-0.3499025341130604,-0.30311890838206623,1.8,0.6,2.7,1.8,0.6,2.7,1.8
0,3,-2.4999043941497803,-0.17304466664791107,1.0171933093422862,4.129542630069449,-0.6730013553919998,-0.08113021495975037,0.9039765634126491,-0.8028156214300068,-0.7006128905536277,0.5594837352815107,-256.39705657958984,10.558661818504333,-17.40923672914505,-0.8884332600815255,-0.5165692007797271,0.5526315789473684,-0.4405458089668616,-0.5974658869395711,-0.34307992202729043,-0.6033138401559455,1.8,0.6,2.7,1.8,0.6,2.7,1.8
0,4,-2.5058727264404297,-0.19084173440933228,1.0154897037834216,5.14503233385287,0.2674035009181315,-0.6544986762670293,-0.4832821949666033,0.2781461843645614,0.01235453691409516,-0.852459883959418,-249.99043941497803,10.497602820396423,-17.304466664791107,-0.8677307759410243,-0.419103313840156,-0.05847953216374269,0.5292397660818713,-0.5058479532163742,-0.4405458089668616,0.33040935672514626,1.8,0.6,2.7,1.8,0.6,2.7,1.8
0,5,-2.436924695968628,-0.1600693166255951,1.0353454191612748,6.180377753014145,-0.5422162745812535,0.417809246991486,0.1140021944116898,-0.4207240411991,0.43629007409291853,-0.32759233949812505,-250.58727264404297,10.515014082193375,-19.084173440933228,-0.6745969997676194,0.1598440545808968,-0.3927875243664717,-0.2992202729044834,0.165692007797271,0.004873294346978474,-0.52046783625731,1.8,0.6,2.7,1.8,0.6,2.7,1.8
0,6,-2.5465924739837646,-0.17275279760360718,1.0039425188104931,7.184320271824639,-0.8992589653679903,-0.6480789974520693,-0.20755727595445528,0.36316706429468604,-0.23860080213478807,-0.5488871177683967,-243.6924695968628,10.366382449865341,-16.00693166255951,-0.6645841692777269,-0.33528265107212474,0.24463937621832366,0.040935672514619936,-0.27387914230019494,0.2514619883040936,-0.21247563352826515,1.8,0.6,2.7,1.8,0.6,2.7,1.8
0,7,-2.578850507736206,-0.19519051909446716,0.9948881657138281,8.179208437538467,-0.48059225858740295,-0.08408295981419434,-0.9921212499914625,-0.6703002102371323,0.6793612641142246,-0.5506590887647027,-254.65924739837646,10.508549958467484,-17.275279760360718,-0.543654558510938,-0.5536062378167641,-0.398635477582846,-0.11793372319688111,0.21832358674463936,-0.1471734892787524,-0.32748538011695905,1.8,0.6,2.7,1.8,0.6,2.7,1.8
0,8,-2.3699631690979004,0.024257035925984383,1.055000608392634,9.2342090459311,0.11616452710542058,0.45464263639035374,0.9113917804550302,0.608574454612052,0.12027810389767302,-0.11035032906638076,-257.8850507736206,10.461615771055222,-19.519051909446716,-0.7669502744014086,-0.2962962962962963,-0.04483430799220278,-0.5799220272904484,-0.384990253411306,0.42105263157894735,-0.334307992202729,1.8,0.6,2.7,1.8,0.6,2.7,1.8
0,9,-2.5410966873168945,-0.17230172455310822,1.0054932996155195,10.23970234554662,-0.5803989627717057,-0.7158227284692358,0.09480265681229039,-0.7094785154764669,-0.15488150528002853,-0.3011402291036853,-236.99631690979004,10.239215195178986,2.4257035925984383,0.039444961221709714,0.05750487329434706,0.24171539961013644,0.3879142300194931,0.3323586744639375,0.04385964912280693,-0.09161793372319693,1.8,0.6,2.7,1.8,0.6,2.7,1.8
0,10,-2.6219708919525146,-0.15596404671669006,0.9829123172984439,11.222614662845064,0.733338526452912,-0.9540583279819395,-0.8024903027711219,0.7855192650866754,-0.735004974069972,0.6842226887558751,-254.10966873168945,10.466726124286652,-17.23017245531082,-0.6657170488830498,-0.3508771929824561,-0.4307992202729045,0.06335282651072127,-0.40253411306042886,-0.07797270955165692,-0.17056530214424948,1.8,0.6,2.7,1.8,0.6,2.7,1.8
0,11,-2.4354381561279297,-0.16728435456752777,1.0357777627012676,12.258392425546331,-0.6063093416016456,-0.03687507465411133,0.33822260499875867,-0.35646901908001283,0.30250876543512795,-0.8263419509902004,-262.19708919525146,10.668908059597015,-15.596404671669006,-0.8221001223912207,0.44541910331384016,-0.5896686159844055,-0.5058479532163742,0.45126705653021437,-0.45906432748538006,0.40253411306042874,1.8,0.6,2.7,1.8,0.6,2.7,1.8
0,12,-2.4013991355895996,-0.11755689978599548,1.0457271810358855,13.304119606582217,-0.7145137418114993,0.5819002695883486,0.29509660829058193,-0.6456246123635683,0.5960279608418138,-0.07185037752362433,-243.54381561279297,10.350072383880615,-16.728435456752777,-0.7620215523071066,-0.37524366471734893,-0.02826510721247566,0.19005847953216382,-0.24269005847953218,0.16374269005847952,-0.5097465886939572,1.8,0.6,2.7,1.8,0.6,2.7,1.8
0,13,-2.371384859085083,-0.06882869452238083,1.0545794481107895,14.358699054693007,0.11877856829173083,0.9347071632913986,-0.25930272128834764,0.26905556947070997,0.20077197028824467,-0.2980241794067735,-240.13991355895996,10.368558764457703,-11.755689978599548,-0.6002232249376285,-0.4385964912280702,0.34307992202729043,0.168615984405458,-0.4044834307992202,0.34892787524366464,-0.05458089668615984,1.8,0.6,2.7,1.8,0.6,2.7,1.8
0,14,-2.54748272895813,-0.18791159987449646,1.0036915351447981,15.362390589837805,-0.5318127897498228,-0.8111705718299167,-0.2683783646250988,0.09273725027597712,0.09392270964706562,-0.5793316517057849,-237.1384859085083,10.148536413908005,-6.882869452238083,-0.14578287100779938,0.06822612085769975,0.5516569200779726,-0.1764132553606238,0.1393762183235867,0.10916179337231968,-0.18810916179337234,1.8,0.6,2.7,1.8,0.6,2.7,1.8
0,15,-2.4666290283203125,-0.16606810688972473,1.0267439772002722,16.389134567038077,0.39278666629763737,-0.9419083565049378,0.5899052762232984,0.49718556812443415,-0.518622328472248,-0.6082290312600338,-254.748272895813,10.569581389427185,-18.791159987449646,-0.6494225314427954,-0.33040935672514615,-0.4922027290448343,-0.1578947368421053,0.06335282651072127,0.06140350877192979,-0.35185185185185186,1.8,0.6,2.7,1.8,0.6,2.7,1.8
0,16,-2.420194149017334,-0.09680082648992538,1.0402217440022936,17.429356311040372,-0.6567217776789547,-0.27097028799567213,0.8809712062778465,0.9651000398276339,-0.6373021804266474,0.6486230083530549,-246.66290283203125,10.477013885974884,-16.606810688972473,-0.5024809110127728,0.23586744639376223,-0.5799220272904484,0.3401559454191032,0.27680311890838216,-0.3284600389863548,-0.37524366471734893,1.8,0.6,2.7,1.8,0.6,2.7,1.8
0,17,-2.3714072704315186,-0.02039439231157303,1.054572810338054,18.483929121378427,-0.30874175559765593,0.3998838501391142,0.2559356078228938,-0.6232502764274328,-0.3787797265860193,0.5829151334742342,-242.0194149017334,10.380233824253082,-9.680082648992538,-0.6146685941731778,-0.40545808966861596,-0.17543859649122806,0.5204678362573099,0.5633528265107213,-0.4044834307992202,0.39181286549707606,1.8,0.6,2.7,1.8,0.6,2.7,1.8
0,18,-2.395681142807007,-0.0895220935344696,1.0474078696477798,19.53133699102621,0.6369403745726265,0.4539361315866528,0.9790510812982813,-0.9090139676978966,0.7838908985936341,0.5066089135953218,-237.14072704315186,10.201127827167511,-2.039439231157303,-0.15221333272016468,-0.19688109161793377,0.2485380116959064,0.16764132553606248,-0.37037037037037035,-0.22612085769980506,0.3586744639376218,1.8,0.6,2.7,1.8,0.6,2.7,1.8
0,19,-2.3554136753082275,-0.06268475204706192,1.0593204189921142,20.590657410018324,0.08410471225947447,-0.3665275812998754,0.5506757980716726,-0.47436136658427297,0.9205249495147634,-0.1678365845468106,-239.56811428070068,10.208465158939362,-8.95220935344696,-0.16141580954103546,0.38401559454191037,0.2641325536062378,0.5779727095516569,-0.5721247563352827,0.4678362573099415,0.30409356725146197,1.8,0.6,2.7,1.8,0.6,2.7,1.8
0,20,-2.343449115753174,0.005099240690469742,1.0628860009929122,21.653543411011235,0.3567932331568191,0.21377532110760078,0.7128717105895737,-0.39343078098418593,0.0648847511478472,-0.5986309907348242,-235.54136753082275,10.26424691081047,-6.268475204706192,-0.3118370298674142,0.04775828460038989,-0.22612085769980506,0.3450292397660819,-0.28752436647173485,0.5623781676413255,-0.1042884990253411,1.8,0.6,2.7,1.8,0.6,2.7,1.8
0,21,-2.3574368953704834,-0.042106207460165024,1.058718658630201,22.712262069641437,0.24238982745877635,0.7222516046227903,-0.6020078544713101,-0.3868288457749969,-0.26106941338365686,-0.46926038507138657,-234.34491157531738,10.139641165733337,0.5099240690469742,0.08245177522517892,0.21247563352826515,0.12670565302144254,0.4307992202729045,-0.23976608187134507,0.03898635477582846,-0.3635477582846004,1.8,0.6,2.7,1.8,0.6,2.7,1.8
0,22,-2.3717198371887207,-0.11974704265594482,1.0544802389473626,23.7667423085888,0.5994826369626887,-0.6625246002566041,0.35596963064602005,0.2128264745301609,0.4134424165503283,-0.3000762123708407,-235.74368953704834,10.20025834441185,-4.210620746016502,0.003885237789981066,0.14522417153996092,0.44249512670565294,-0.3576998050682261,-0.22514619883040932,-0.14814814814814814,-0.29239766081871343,1.8,0.6,2.7,1.8,0.6,2.7,1.8
0,23,-2.372636079788208,-0.11532776057720184,1.0541782204011279,24.820920528989927,-0.3677381067154175,0.6954916546083936,-0.09799381364933146,-0.9873952998477726,-0.9210322195086347,-0.7301107936854294,-237.17198371887207,10.307376086711884,-11.974704265594482,-0.2803180204246306,0.3547758284600391,-0.40838206627680307,0.2085769980506822,0.1150097465886939,0.23976608187134496,-0.19590643274853803,1.8,0.6,2.7,1.8,0.6,2.7,1.8
0,24,-2.4282891750335693,-0.129002645611763,1.0378594873572666,25.858780016347193,-0.2938664976717431,0.33631079939402087,0.2968044025034211,0.41670531391505006,-0.37871935924179234,-0.9788205863529054,-237.27397918701172,10.310093313455582,-11.532927304506302,-0.2801184006079723,-0.22612085769980506,0.4298245614035088,-0.04385964912280704,-0.5916179337231968,-0.5575048732943471,-0.43762183235867447,1.8,0.6,2.7,1.8,0.6,2.7,1.8
0,25,-2.343129873275757,-0.09955042600631714,1.0629813032798243,26.921761319627016,-0.9497208736938467,0.8804154797908614,-0.3797128305811024,-0.45382344502932814,0.37129130753141215,0.5396238938788711,-242.82891750335693,10.417533665895462,-12.9002645611763,-0.5164119150530252,-0.19298245614035092,0.19200779727095507,0.15009746588693962,0.22612085769980506,-0.24951267056530213,-0.6042884990253412,1.8,0.6,2.7,1.8,0.6,2.7,1.8
0,26,-2.3080713748931885,-0.06437332183122635,1.0734993540981121,27.995260673725127,0.6146039255721358,-0.7545536415781926,-0.1448270318706808,0.38259672148160817,0.2225701431563636,0.23565825614680835,-234.31298732757568,10.298478603363037,-9.955042600631714,-0.44517874958717374,-0.5808966861598441,0.53411306042885,-0.22124756335282647,-0.2729044834307992,0.22027290448343084,0.3206627680311891,1.8,0.6,2.7,1.8,0.6,2.7,1.8
0,27,-2.3080713748931885,-0.06437332183122635,1.0734993540981121,29.068760027823238,0.7571375642586078,-0.2876975912640085,-0.7969042876091594,-0.37606110551980154,0.9131239020840012,0.5655808583945436,-230.80713748931885,12.858441472053528,-6.437332183122635,-0.5307998152818177,0.3742690058479532,-0.45906432748538006,-0.09259259259259256,0.22027290448343084,0.12670565302144254,0.1393762183235867,1.8,0.6,2.7,1.8,0.6,2.7,1.8
0,28,-2.408859968185425,-0.13830327987670898,1.04353827429976,30.112298302122998,-0.1737679997371393,-0.6904461559060651,-0.008446204354735531,0.21578100945015155,0.7161844254881606,-0.4149231925466248,-230.80713748931885,12.858441472053528,-6.437332183122635,-0.5307998152818177,0.4571150097465886,-0.1734892787524367,-0.4658869395711501,-0.20955165692007793,0.560428849902534,0.34113060428849895,1.8,0.6,2.7,1.8,0.6,2.7,1.8
0,29,-2.440355062484741,-0.16604678332805634,1.0343484238950462,31.146646726018044,0.8666763771886745,0.8501281818399451,-0.36694021182830006,-0.5230164323375912,-0.1708870759827461,0.5911720166101291,-240.88599681854248,10.369063913822174,-13.830327987670898,-0.31449850049538436,-0.11111111111111116,-0.42690058479532167,-0.020467836257309968,0.11695906432748537,0.43469785575048725,-0.25536062378167645,1.8,0.6,2.7,1.8,0.6,2.7,1.8
0,30,-2.4133481979370117,-0.17661596834659576,1.0422236965864922,32.18887042260454,0.05058149111916288,-0.39902532140176583,-0.5001704638954845,0.4666030283625435,-0.9431957185581421,0.07010013746950383,-244.03550624847412,10.398469120264053,-16.604678332805634,-0.8517121585185182,0.5263157894736843,0.5107212475633529,-0.22124756335282647,-0.31384015594541914,-0.10623781676413258,0.35380116959064334,1.8,0.6,2.7,1.8,0.6,2.7,1.8
0,31,-2.4031450748443604,-0.14375557005405426,1.0452145350682178,33.234084957672756,0.6752116190192645,0.4936874500149746,-0.5243483039596761,-0.07092676966954659,-0.09558039293072507,0.593311890162654,-241.33481979370117,10.404082387685776,-17.661596834659576,-0.5771037615929282,0.022417153996101336,-0.24756335282651076,-0.2943469785575049,0.28557504873294337,-0.5692007797270955,0.042884990253411415,1.8,0.6,2.7,1.8,0.6,2.7,1.8
0,32,-2.402919054031372,-0.14403152465820312,1.0452808855606976,34.27936584323346,0.48145714262877526,-0.16705172471124907,-0.945151426749071,-0.8896962429097814,0.7189899503681665,0.4686191032170983,-240.31450748443604,10.230361670255661,-14.375557005405426,-0.15888414057008599,0.40740740740740744,0.2894736842105263,-0.3265107212475633,-0.05750487329434695,-0.07797270955165692,0.3479532163742689,1.8,0.6,2.7,1.8,0.6,2.7,1.8
0,33,-2.517504930496216,-0.21021845936775208,1.0121775932624932,35.29154343649595,-0.21308474372513464,-0.9159830001328222,0.7966645736103839,-0.2690186166400004,-0.1714694080021406,-0.6889741609081148,-240.2919054031372,10.226569324731827,-14.403152465820312,-0.16491837620335315,0.2962962962962963,-0.09941520467836262,-0.564327485380117,-0.5214424951267056,0.44541910331384016,0.29337231968810906,1.8,0.6,2.7,1.8,0.6,2.7,1.8
0,34,-2.397412061691284,-0.16579297184944153,1.0468988160815615,36.33844225257751,0.6207013275221454,0.2471881043546309,-0.03920204228111723,0.024605760015321998,-0.5780825302472106,0.6364927838848644,-251.75049304962158,10.460609942674637,-21.021845936775208,-0.8288827196471504,-0.14035087719298245,-0.5721247563352827,0.45321637426900585,-0.1842105263157895,-0.11890838206627685,-0.4327485380116959,1.8,0.6,2.7,1.8,0.6,2.7,1.8
0,35,-2.397412061691284,-0.16579297184944153,1.0468988160815615,37.385341068659066,0.6878444221851083,-0.03177828630541879,0.8592199216943643,0.25096898554313873,-0.733993379675874,-0.4932106570555608,-239.74120616912842,10.32375618815422,-16.579297184944153,-0.1763653530775276,0.3742690058479532,0.14327485380116967,-0.040935672514619936,0.0029239766081872176,-0.3586744639376218,0.3801169590643274,1.8,0.6,2.7,1.8,0.6,2.7,1.8
0,36,-2.4924747943878174,-0.22682330012321472,1.0193180140875802,38.40465908274665,0.003037882479176801,0.13062342535542126,-0.8379121561212619,-0.37311943139273107,-0.7711202079338693,-0.316956040527266,-239.74120616912842,10.32375618815422,-16.579297184944153,-0.1763653530775276,0.41520467836257313,-0.023391812865497075,0.503898635477583,0.12378167641325533,-0.45614035087719296,-0.3050682261208577,1.8,0.6,2.7,1.8,0.6,2.7,1.8
0,37,-2.354192018508911,0.02699979767203331,1.0596839383642283,39.46434302111088,-0.26929433765636857,0.8026809024978958,0.7238176578462014,0.7124902348278386,0.1615825099656043,-0.8139840618237244,-249.24747943878174,10.50143912434578,-22.682330012321472,-0.6580906586335861,0.0029239766081872176,0.08869395711500982,-0.46881091617933723,-0.1871345029239766,-0.4629629629629629,-0.1978557504873294,1.8,0.6,2.7,1.8,0.6,2.7,1.8
0,38,-2.3676626682281494,0.0823848694562912,1.0556824632069746,40.520025484317856,0.7877360944353429,0.7238150040699451,-0.16075232770208747,0.6702769180015096,-0.21800356294623535,-0.5196987115146252,-235.4192018508911,10.234180092811584,2.699979767203331,-0.004644814516992134,-0.17153996101364521,0.45516569200779733,0.34307992202729043,0.4044834307992202,0.0799220272904484,-0.5009746588693957,1.8,0.6,2.7,1.8,0.6,2.7,1.8
0,39,-2.3484859466552734,0.05614141747355461,1.06138350469432,41.581408989012175,0.45166452071761487,0.860641104380166,-0.3416316061989795,0.4744271301581995,0.6585639748394989,0.6396671258808939,-236.76626682281494,10.109933465719223,8.23848694562912,0.5330156734193647,0.48245614035087714,0.4483430799220274,-0.08187134502923976,0.42397660818713456,-0.1228070175438597,-0.32163742690058483,1.8,0.6,2.7,1.8,0.6,2.7,1.8
0,40,-2.4057998657226562,-0.07191206514835358,1.044435511933242,42.62584450094542,-0.8731177018299021,-0.724512317684052,0.6228992597053651,0.5034918083159532,0.7633558387395329,-0.04125676155776925,-234.84859466552734,10.066366195678711,5.614141747355461,0.329595290961826,0.2777777777777777,0.5253411306042886,-0.20662768031189083,0.2836257309941521,0.3879142300194931,0.38401559454191037,1.8,0.6,2.7,1.8,0.6,2.7,1.8
0,41,-2.4726016521453857,-0.167212575674057,1.025023140643179,43.6508676415886,0.8733464957536574,-0.7407442154270707,-0.8037563117636355,-0.5395154949689058,0.557374467134814,0.6684886383241238,-240.57998657226562,10.286583751440048,-7.191206514835358,-0.8435286780127277,-0.5448343079922027,-0.44541910331384016,0.3830409356725146,0.297270955165692,0.4493177387914229,-0.03508771929824561,1.8,0.6,2.7,1.8,0.6,2.7,1.8
0,42,-2.481874465942383,-0.18482008576393127,1.022357164171105,44.6732248057597,0.9879599831241856,-0.31996393519132904,0.15913017890939085,-0.8851556954547046,0.6384968013362577,0.17767847689880356,-247.26016521453857,10.474792122840881,-16.7212575674057,-0.4277723312374785,0.5360623781676412,-0.44249512670565305,-0.47173489278752434,-0.317738791423002,0.3265107212475633,0.4005847953216375,1.8,0.6,2.7,1.8,0.6,2.7,1.8
0,43,-2.4659976959228516,-0.18670126795768738,1.0269260458772964,45.700150851637,-0.22827618711406727,0.671955137367884,-0.8610446718053149,-0.209101101899569,0.5754994064455714,-0.338708260451289,-248.18744659423828,10.453607887029648,-18.482008576393127,-0.3192185732348978,0.5916179337231968,-0.21345029239766078,0.067251461988304,-0.564327485380117,0.3693957115009747,0.10233918128654973,1.8,0.6,2.7,1.8,0.6,2.7,1.8
0,44,-2.373506784439087,-0.14843878149986267,1.0539511633914935,46.754102015028494,0.10495852114505677,0.4720058763314241,0.7154723130373144,-0.21469049302904986,0.6980454169950894,-0.3429183046600679,-246.59976959228516,10.454287379980087,-18.670126795768738,-0.6788149602121887,-0.14619883040935677,0.3957115009746588,-0.53411306042885,-0.1413255360623782,0.3391812865497077,-0.20760233918128657,1.8,0.6,2.7,1.8,0.6,2.7,1.8
0,45,-2.3410511016845703,-0.033005908131599426,1.0636020803608164,47.81770409538931,0.8796789209101845,-0.14024830348095807,-0.05935176750162996,0.16241206289443166,0.8264085569509918,0.53355154767733,-237.3506784439087,10.328273475170135,-14.843878149986267,-0.34109539316858956,0.050682261208577106,0.2787524366471734,0.40740740740740744,-0.15399610136452246,0.39766081871345027,-0.21442495126705652,1.8,0.6,2.7,1.8,0.6,2.7,1.8
0,46,-2.338756799697876,-0.025443801656365395,1.0642876414823668,48.881991736871676,-0.5620801685907164,0.19173058098861873,0.656916109307282,0.1136267633856356,-0.9629648591405355,-0.365159310846894,-234.10511016845703,10.136499255895615,-3.3005908131599426,0.14771299537570004,0.5331384015594542,-0.0828460038986355,-0.03606237816764135,0.09551656920077978,0.5087719298245614,0.3235867446393763,1.8,0.6,2.7,1.8,0.6,2.7,1.8
0,47,-2.3619558811187744,-0.1476510465145111,1.0573758242066107,49.939367561078285,0.10734517761434015,-0.025018348075830366,0.028180270822089515,-0.9919621905248341,0.017574247101419083,-0.1769705421984875,-233.8756799697876,10.187654942274094,-2.5443801656365395,-0.2638636607279265,-0.3469785575048733,0.11890838206627685,0.40740740740740744,0.07894736842105265,-0.5682261208576997,-0.2192982456140351,1.8,0.6,2.7,1.8,0.6,2.7,1.8
0,48,-2.5342278480529785,-0.21100124716758728,1.0074348917270832,50.94680245280537,-0.8293186804890089,-0.17171843711374968,-0.886135898282062,-0.2618382437737625,-0.5532626806579777,0.5797888389955739,-236.19558811187744,10.307401418685913,-14.76510465145111,-0.3537587579568499,0.059454191033138315,-0.00877192982456143,0.02826510721247555,-0.5886939571150098,0.01754385964912286,-0.11306042884990253,1.8,0.6,2.7,1.8,0.6,2.7,1.8
0,49,-2.593428611755371,-0.2114584594964981,0.9908231423631783,51.93762559516855,0.6108772809806706,-0.32328337335472246,-0.3803923024103626,0.28262208703892355,0.20880075148034827,0.26073153730548526,-253.42278480529785,10.630784183740616,-21.100124716758728,-0.5959044164243841,-0.5146198830409356,-0.10233918128654973,-0.5282651072124757,-0.1442495126705653,-0.32748538011695905,0.3576998050682261,1.8,0.6,2.7,1.8,0.6,2.7,1.8
0,50,-2.434704303741455,-0.20158737897872925,1.035975098923456,52.973600694092006,-0.40307568335527066,-0.03277152611614831,0.12381121532242689,-0.8333060093573612,0.4418002094631799,0.45015345719932376,-259.3428611755371,10.579753667116165,-21.14584594964981,-0.47491178094082337,0.3723196881091617,-0.20175438596491224,-0.2514619883040936,0.1520467836257311,0.11403508771929816,0.1549707602339181,1.8,0.6,2.7,1.8,0.6,2.7,1.8
0,51,-2.4199516773223877,-0.20873518288135529,1.0402925839540507,54.013893278046055,0.47497341694678186,-0.15188780352452014,-0.039531189020213464,-0.45216108168349844,-0.8977559164277418,-0.7680142179513192,-243.47598552703857,10.423905402421951,-20.158396661281586,-0.39568087686920983,-0.25048732943469787,-0.024366471734892814,0.07407407407407418,-0.5019493177387915,0.267056530214425,0.25828460038986356,1.8,0.6,2.7,1.8,0.6,2.7,1.8
0,52,-2.470231533050537,-0.22614187002182007,1.0257056755773843,55.03959895362344,0.1461460403473127,-0.7078079308555996,0.35741104935433543,-0.40656898602856506,0.3250780912361608,-0.5174667033803555,-241.99516773223877,10.433329641819,-20.87351828813553,-0.6010386501497933,0.2894736842105263,-0.08869395711500971,-0.00974658869395717,-0.2680311890838206,-0.5487329434697856,-0.4658869395711501,1.8,0.6,2.7,1.8,0.6,2.7,1.8
0,53,-2.460171699523926,-0.23111993074417114,1.0286077176221486,56.06820667124559,0.386296527840599,-0.15142155784270095,-0.27629848006379554,-0.6990392836182684,-0.671793223159965,0.8203123096612077,-247.0231533050537,10.468649864196777,-22.614187002182007,-0.6857433664455457,0.08382066276803113,-0.4415204678362573,0.20370370370370372,-0.26608187134502925,0.18615984405458086,-0.3313840155945419,1.8,0.6,2.7,1.8,0.6,2.7,1.8
0,54,-2.448009490966797,-0.22226054966449738,1.0321272150721397,57.10033388631773,0.6741306504436677,-0.9427572544043106,-0.6704898550789535,-0.5328312212067441,-0.024650968582980104,-0.9083753656438094,-246.01716995239258,10.47738566994667,-23.111993074417114,-0.6170259138785325,0.23099415204678353,-0.08966861598440545,-0.14522417153996103,-0.40740740740740744,-0.4005847953216374,0.49610136452241704,1.8,0.6,2.7,1.8,0.6,2.7,1.8
0,55,-2.4188313484191895,-0.22275501489639282,1.0406199592186487,58.14095384553637,0.5223364786657112,-0.022304946457324837,0.1343461093906877,-0.22699897532058988,0.6677644254647535,0.027497081404520785,-244.8009490966797,10.453762859106064,-22.226054966449738,-0.4185008210217294,0.40545808966861596,-0.5740740740740741,-0.39668615984405453,-0.3206627680311891,-0.00877192982456143,-0.5575048732943471,1.8,0.6,2.7,1.8,0.6,2.7,1.8
0,56,-2.465435266494751,-0.2220970243215561,1.027088270958175,59.16804211649455,-0.9214055736727675,-0.8903157169282994,0.08852321474357772,0.02430158606863042,-0.0210491883338213,0.6911577081520579,-241.88313484191895,10.411655902862549,-22.275501489639282,-0.37762541152743156,0.3187134502923976,-0.012670565302144277,0.08187134502923987,-0.14327485380116955,0.3957115009746588,0.004873294346978474,1.8,0.6,2.7,1.8,0.6,2.7,1.8
0,57,-2.5711653232574463,-0.26630017161369324,0.9970378457776891,60.16507996227224,-0.556599745451337,-0.6308122033029273,-0.8474845803440179,-0.7465501240330612,0.3988220682382073,-0.5151067216947129,-246.5435266494751,10.447275638580322,-22.20970243215561,-0.7866110033426668,-0.5760233918128654,-0.550682261208577,0.05653021442495132,0.020467836257309857,-0.0019493177387914784,0.41910331384015587,1.8,0.6,2.7,1.8,0.6,2.7,1.8
0,58,-2.4636037349700928,-0.25053536891937256,1.0276167288208615,61.1926966910931,0.7662148765095096,0.8750641734083657,0.0600250301057379,0.1671728765273508,-0.2976565677295333,-0.7994132702658541,-257.11653232574463,10.68388894200325,-26.630017161369324,-0.6401262369204922,-0.3450292397660819,-0.3927875243664717,-0.5126705653021443,-0.45029239766081874,0.232943469785575,-0.3187134502923976,1.8,0.6,2.7,1.8,0.6,2.7,1.8
0,59,-2.38094162940979,0.05380449816584587,1.0517527186460842,62.24444940973918,-0.3429639300603795,0.7427184172726335,0.7487353689435854,0.8542477581623011,0.11182865069804548,0.33384580082188653,-246.36037349700928,10.483285039663315,-25.053536891937256,-0.25197871930974997,0.4580896686159843,0.5243664717348928,0.02729044834308003,0.09649122807017552,-0.18518518518518523,-0.4941520467836257,1.8,0.6,2.7,1.8,0.6,2.7,1.8
0,60,-2.3696303367614746,-0.032501187175512314,1.0550992306673592,63.29954864040654,-0.1739932567953546,0.5072412430517539,0.8011785809218845,-0.029080375218730303,-0.5204262881898254,0.01842620634751624,-238.094162940979,10.125333815813065,5.380449816584587,0.0856034029356134,-0.21539961013645226,0.44249512670565294,0.43762183235867447,0.503898635477583,0.06530214424951275,0.1978557504873295,1.8,0.6,2.7,1.8,0.6,2.7,1.8
0,61,-2.408217668533325,-0.21518373489379883,1.0437265358950436,64.34327517630159,-0.010345073843253116,-0.19167221817677538,-0.7635163669052247,0.8916687505495937,-0.2775973971652168,0.7035724792331011,-236.96303367614746,10.225841403007507,-3.2501187175512314,-0.009841601968436274,-0.11598440545808963,0.3128654970760234,0.4980506822612085,-0.005847953216374324,-0.30604288499025345,0.01754385964912286,1.8,0.6,2.7,1.8,0.6,2.7,1.8
0,62,-2.364873170852661,-0.13359776139259338,1.0565098448656254,65.39978502116722,0.2006511115354186,0.78931879685075,-0.8794378865647858,0.8856289498401462,0.8603794061851937,-0.04151532237288347,-240.82176685333252,10.43800339102745,-21.518373489379883,-0.5623652680186937,-0.010721247563352798,-0.11208576998050679,-0.4473684210526315,0.5555555555555556,-0.16666666666666663,0.432748538011696,1.8,0.6,2.7,1.8,0.6,2.7,1.8
0,63,-2.394643545150757,-0.18982647359371185,1.0477131399724178,66.44749816113963,-0.9509313564592314,0.1500610701052696,0.669235164358023,-0.6660775968614321,-0.8236639142044768,0.8270448655058724,-236.4873170852661,10.208866000175476,-13.359776139259338,-0.15410274418921796,0.1120857699805069,0.4678362573099415,-0.543859649122807,0.5233918128654971,0.5126705653021442,-0.03606237816764135,1.8,0.6,2.7,1.8,0.6,2.7,1.8
0,64,-2.4012458324432373,-0.21423718333244324,1.045772206200316,67.49327036733995,-0.322600373844379,-0.37535856422031233,0.9249350065193691,-0.9782892411055446,0.24388780364750762,0.4551702572701426,-239.46435451507568,10.321171581745148,-18.982647359371185,-0.7699124635768868,-0.5799220272904484,0.09551656920077978,0.4200779727095516,-0.3908382066276803,-0.4892787524366472,0.49902534113060426,1.8,0.6,2.7,1.8,0.6,2.7,1.8
0,65,-2.3715221881866455,-0.1782858669757843,1.0545387747554993,68.54780914209545,0.33318075238239153,0.7770319884945196,-0.4831519091541825,-0.8173585160206105,0.1455072939599773,0.13693662713861343,-240.12458324432373,10.322324186563492,-21.423718333244324,-0.6555099132884673,-0.2007797270955166,-0.22514619883040932,0.560428849902534,-0.6052631578947368,0.13157894736842102,0.2709551656920077,1.8,0.6,2.7,1.8,0.6,2.7,1.8
0,66,-2.3715221881866455,-0.1782858669757843,1.0545387747554993,69.60234791685095,0.9964116929745914,-0.273414400320529,0.5177571305614612,-0.25512812691834963,-0.8437445488359785,0.9204130243983479,-237.15221881866455,10.228601843118668,-17.82858669757843,-0.1521399748508703,0.2007797270955165,0.4785575048732944,-0.27680311890838205,-0.49317738791423005,0.09844054580896677,0.08966861598440556,1.8,0.6,2.7,1.8,0.6,2.7,1.8
0,67,-2.367832660675049,-0.19473382830619812,1.0556320633784821,70.65797998022943,0.5387841908937845,0.614682808224223,-0.4157087987104271,0.03346845078041172,-0.1115513501781844,0.17479707144199086,-237.15221881866455,10.228601843118668,-17.82858669757843,-0.1521399748508703,0.6033138401559455,-0.17153996101364521,0.3109161793372319,-0.15984405458089668,-0.5097465886939572,0.5545808966861598,1.8,0.6,2.7,1.8,0.6,2.7,1.8
0,68,-2.407881021499634,-0.24037288129329681,1.0438252225756683,71.70180520280509,-0.5734575034267801,0.2864749266226523,-0.020353029122716748,-0.49829120468583166,-0.7891992985249483,0.1616553260424396,-236.78326606750488,10.254964232444763,-19.473382830619812,-0.1197014148075994,0.32456140350877183,0.36549707602339176,-0.25828460038986356,0.006822612085769952,-0.08089668615984402,0.10331384015594547,1.8,0.6,2.7,1.8,0.6,2.7,1.8
0,69,-2.407876491546631,-0.24070052802562714,1.0438265505762114,72.7456317533813,-0.4766843311896758,-0.6577506219336349,-0.5165245022860994,-0.8254416253964381,0.2499573411276086,-0.3227243148078509,-240.78810214996338,10.399996489286423,-24.03728812932968,-0.7178170885857087,-0.3586744639376218,0.18421052631578938,-0.0009746588693957392,-0.2865497076023392,-0.4658869395711501,0.10331384015594547,1.8,0.6,2.7,1.8,0.6,2.7,1.8
0,70,-2.4566495418548584,-0.2496241182088852,1.0296257225617875,73.77525747594309,0.7109977173157505,-0.08230096089997341,0.18379009902996568,-0.20657256152235748,-0.9768014651738881,-0.1857256319154701,-240.7876491546631,10.399053990840912,-24.070052802562714,-0.7144250994014087,-0.30116959064327486,-0.4113060428849903,-0.31189083820662766,-0.4873294346978557,0.1578947368421053,-0.19298245614035092,1.8,0.6,2.7,1.8,0.6,2.7,1.8
0,71,-2.4663636684417725,-0.2723986804485321,1.0268204998677155,74.8020779758108,-0.21136137824377577,0.6943007215168275,-0.8783691657221551,0.21268786000554796,-0.23802717985933275,0.5425779665690891,-245.66495418548584,10.467509925365448,-24.96241182088852,-0.21115402135847516,0.435672514619883,-0.051656920077972734,0.11306042884990264,-0.13547758284600386,-0.5974658869395711,-0.12768031189083817,1.8,0.6,2.7,1.8,0.6,2.7,1.8
0,72,-2.4664244651794434,-0.2722565233707428,1.0268029672165577,75.82888094302736,-0.9905271058864908,0.28622400650407753,-0.7016395699434033,-0.37055176756296393,0.25726760280633765,-0.6166467408453755,-246.63636684417725,10.507140308618546,-27.23986804485321,-0.6269516830199651,-0.1335282651072125,0.41520467836257313,-0.5399610136452242,0.11890838206627685,-0.14814814814814814,0.3235867446393763,1.8,0.6,2.7,1.8,0.6,2.7,1.8
0,73,-2.438154935836792,-0.2424786239862442,1.034987754089016,76.86386869711637,-0.40351525421173884,0.758526677931709,0.41568856569085,-0.872268664206169,0.7813732013914809,-0.9970648694870161,-246.64244651794434,10.504018515348434,-27.22565233707428,-0.631211069413822,-0.6091617933723197,0.18518518518518512,-0.42592592592592593,-0.2085769980506823,0.16179337231968804,-0.37524366471734893,1.8,0.6,2.7,1.8,0.6,2.7,1.8
0,74,-2.4140384197235107,-0.24214650690555573,1.0420216814055758,77.90589037852195,0.2321473851893554,-0.9335599026513275,0.5965269858775399,-0.7060068952154908,0.8184777079044407,-0.15173977301604835,-243.8154935836792,10.45009046792984,-24.24786239862442,-0.5460252190808866,-0.2543859649122807,0.4463937621832359,0.23684210526315796,-0.5487329434697856,0.46393762183235876,-0.6130604288499025,1.8,0.6,2.7,1.8,0.6,2.7,1.8
0,75,-2.479036808013916,-0.2743050754070282,1.0231722667147158,78.92906264523666,-0.7765314108385195,0.7955336170987404,0.2181633519357109,-0.5182575383230532,0.1985618629612831,0.427940576403963,-241.40384197235107,10.417921096086502,-24.214650690555573,-0.34185415163064353,0.1393762183235867,-0.5682261208576997,0.35964912280701755,-0.4327485380116959,0.4863547758284601,-0.10331384015594547,1.8,0.6,2.7,1.8,0.6,2.7,1.8
0,76,-2.423084020614624,-0.23185282945632935,1.0393778172822983,79.96844046251896,0.8333098260882132,0.9585308167535658,0.25633436083755323,0.9304112282154013,0.15008717304145835,-0.1855438721803746,-247.9036808013916,10.469480603933334,-27.43050754070282,-0.6862466239763259,-0.48538011695906436,0.4766081871345029,0.12475633528265107,-0.32163742690058483,0.12378167641325533,0.2543859649122806,1.8,0.6,2.7,1.8,0.6,2.7,1.8
0,77,-2.381880044937134,-0.15754514932632446,1.0514755602160142,81.01991602273498,0.3883696969476813,0.7057929551884201,0.9816388178511335,0.24591663496386995,-0.17325446637047026,-0.9131901122345194,-242.3084020614624,10.391856729984283,-23.185282945632935,-0.6186332016912526,0.5058479532163742,0.5682261208576997,0.13840155945419097,0.5409356725146199,0.07407407407407418,-0.12085769980506822,1.8,0.6,2.7,1.8,0.6,2.7,1.8
0,78,-2.4009358882904053,0.021777842193841934,1.045863242781275,82.06577926551626,-0.8855857066835622,0.05567695423406782,-0.9150489723030875,0.6762324492772573,0.383567306661428,0.9772843586807538,-238.18800449371338,10.243355482816696,-15.754514932632446,-0.0674515326813723,0.2348927875243665,0.4259259259259258,0.594541910331384,0.15107212475633536,-0.10916179337231968,-0.5575048732943471,1.8,0.6,2.7,1.8,0.6,2.7,1.8
0,79,-2.4376566410064697,-0.22554410994052887,1.0351326074163147,83.10091187293257,0.9123519365822075,-0.4303413928317803,0.9843583834553791,-0.03596604949946003,0.535712850951866,-0.6737909799901585,-240.09358882904053,10.219837725162506,2.1777842193841934,0.3652760597749637,-0.543859649122807,0.04775828460038989,-0.48538011695906436,0.4298245614035088,0.24171539961013644,0.6023391812865497,1.8,0.6,2.7,1.8,0.6,2.7,1.8
0,80,-2.4023966789245605,-0.21796326339244843,1.0454342497040088,84.14634612263657,0.36488216876387214,0.618822820994358,0.4829765061825537,0.25149756577623883,-0.5986289022087483,0.9110685043947795,-243.76566410064697,10.433422774076462,-22.554410994052887,-0.8895246320988065,0.5545808966861598,-0.27095516569200784,0.5662768031189085,-0.03606237816764135,0.31189083820662766,-0.419103313840156,1.8,0.6,2.7,1.8,0.6,2.7,1.8
0,81,-2.3698995113372803,-0.19709937274456024,1.0550194702493902,85.20136559288596,0.5969681879020519,-0.35602798109344724,0.046342465046384174,0.3505780517894901,0.6920103951828256,0.22543424751207874,-240.23966789245605,10.347014665603638,-21.796326339244843,-0.132846280922953,0.21637426900584789,0.36744639376218324,0.28460038986354785,0.15009746588693962,-0.3635477582846004,0.5477582846003899,1.8,0.6,2.7,1.8,0.6,2.7,1.8
0,82,-2.3943305015563965,-0.23212696611881256,1.0478052576111039,86.24917085049707,-0.6160127397597199,-0.23211340264514146,0.2366875570920286,0.5984011695490901,-0.0967296935543358,0.7581560952840802,-236.98995113372803,10.282185673713684,-19.709937274456024,-0.16311093509345795,0.3576998050682261,-0.2192982456140351,0.029239766081871288,0.20370370370370372,0.4113060428849902,0.12378167641325533,1.8,0.6,2.7,1.8,0.6,2.7,1.8
0,83,-2.456029176712036,-0.28072673082351685,1.0298051302701519,87.27897598076721,-0.9523487814959255,0.10106846842917783,-0.6288103396521612,-0.9387119987883952,-0.4565852911591759,-0.22228752568600507,-239.43305015563965,10.37367358803749,-23.212696611881256,-0.625392774118821,-0.3801169590643275,-0.1471734892787524,0.13157894736842102,0.3606237816764133,-0.0536062378167641,0.45614035087719307,1.8,0.6,2.7,1.8,0.6,2.7,1.8
0,84,-2.5839645862579346,-0.3280382752418518,0.99346023774646,88.27243621851368,0.3901680285607769,0.16181374267587834,-0.06867155284852133,-0.7476854004861166,0.27018686023789873,-0.9178078162509267,-245.6029176712036,10.491859912872314,-28.072673082351685,-0.8572366680475451,-0.5769980506822612,0.06822612085769975,-0.36549707602339176,-0.5409356725146199,-0.253411306042885,-0.12670565302144254,1.8,0.6,2.7,1.8,0.6,2.7,1.8
0,85,-2.482656240463257,-0.29350391030311584,1.022132717600799,89.29456893611447,0.29343038907877417,0.7244635799172894,-0.5948203616310084,0.5884405198149416,-0.33594600470267344,-0.6902845493770748,-258.39645862579346,10.648683458566666,-32.80382752418518,-0.7846354046175478,0.23684210526315796,0.08479532163742687,-0.05750487329434695,-0.4814814814814815,0.14912280701754388,-0.564327485380117,1.8,0.6,2.7,1.8,0.6,2.7,1.8
0,86,-2.415884494781494,-0.2742176651954651,1.0414815616986601,90.33605049781313,0.10755668727271628,0.14520666022686757,0.4126992562370344,-0.1966710656366646,-0.16709416134095267,-0.5109020786999086,-248.26562404632568,10.555702447891235,-29.350391030311584,-0.45877054949350765,0.1734892787524367,0.4259259259259258,-0.3820662768031189,0.33820662768031196,-0.22319688109161795,-0.435672514619883,1.8,0.6,2.7,1.8,0.6,2.7,1.8
0,87,-2.384826421737671,-0.17792007327079773,1.050605830544535,91.38665632835767,-0.5827854412577171,-0.040463652040378495,0.9605437888744248,0.7276971123895679,-0.8346555175652042,0.532205776459806,-241.5884494781494,10.443475097417831,-27.42176651954651,-0.45578801157804316,0.059454191033138315,0.07797270955165692,0.2348927875243665,-0.1306042884990254,-0.11013645224171542,-0.3284600389863548,1.8,0.6,2.7,1.8,0.6,2.7,1.8
0,88,-2.3883914947509766,-0.21096846461296082,1.049554432107906,92.43621076046558,0.21174553663490037,-0.5253559736613584,0.45317930077438806,0.2974021221195575,0.683882280591775,0.9532294183880354,-238.4826421737671,10.371939092874527,-17.792007327079773,-0.5487603735528059,-0.36452241715399614,-0.0292397660818714,0.564327485380117,0.4220272904483431,-0.5253411306042886,0.31384015594541914,1.8,0.6,2.7,1.8,0.6,2.7,1.8
0,89,-2.364731788635254,-0.17400076985359192,1.0565517969412306,93.49276255740682,0.4825278875832264,0.1023409215069837,0.7354143584832951,-0.6004851292054643,0.3171264269776224,-0.8773132336252147,-238.83914947509766,10.382183641195297,-21.09684646129608,-0.39764635279449734,0.1257309941520468,-0.317738791423002,0.26900584795321647,0.17056530214424948,0.4044834307992202,0.5653021442495128,1.8,0.6,2.7,1.8,0.6,2.7,1.8
0,90,-2.4134600162506104,-0.25142186880111694,1.0421909667711307,94.53495352417795,0.6294601516087086,-0.04396591517545545,-0.720153581108709,-0.32258772688979453,0.26513614146945397,0.8852095021112376,-236.4731788635254,10.268226265907288,-17.400076985359192,-0.1440217582266372,0.29044834307992207,0.06822612085769975,0.4580896686159843,-0.3450292397660819,0.2007797270955165,-0.5409356725146199,1.8,0.6,2.7,1.8,0.6,2.7,1.8
0,91,-2.5345780849456787,-0.32590752840042114,1.0073358007722468,95.5422893249502,-0.015692445366565888,-0.10283286016634285,-0.5363061616307641,0.9977712440834241,-0.8785000357377606,-0.8288070341010978,-241.34600162506104,10.386816412210464,-25.142186880111694,-0.21109137029821728,0.3742690058479532,-0.015594541910331383,-0.42592592592592593,-0.1900584795321637,0.16666666666666674,0.5399610136452242,1.8,0.6,2.7,1.8,0.6,2.7,1.8
0,92,-2.5540542602539062,-0.31148597598075867,1.0018408070199842,96.54413013197019,-0.19604933926868018,-0.8650957775844628,0.5281402933151111,0.4650333146733381,-0.8905570460855212,-0.15257204747334652,-253.45780849456787,10.612963885068893,-32.590752840042114,-0.7272053062982444,-0.014619883040935644,-0.06822612085769986,-0.3421052631578947,0.594541910331384,-0.5311890838206628,-0.5107212475633529,1.8,0.6,2.7,1.8,0.6,2.7,1.8
0,93,-2.5646824836730957,-0.32861456274986267,0.9988548202898896,97.54298495226008,-0.6951546127213992,-0.030919978642904633,-0.10973740819254485,-0.7373111533011514,-0.7684208827098316,0.9341141623478926,-255.40542602539062,10.592793673276901,-31.148597598075867,-0.8424850172579147,-0.115009746588694,-0.5292397660818713,0.30799220272904493,0.2709551656920077,-0.5477582846003899,-0.1042884990253411,1.8,0.6,2.7,1.8,0.6,2.7,1.8
0,94,-2.4710826873779297,-0.290876567363739,1.0254605121659832,98.56844546442606,0.9549920980276918,0.970668526507928,-0.1406264902052372,0.5805309345266838,-0.4001210157212467,0.6332928592553355,-256.46824836730957,10.557214915752411,-32.86145627498627,-0.7513171539670389,-0.42690058479532167,-0.012670565302144277,-0.04873294346978563,-0.4307992202729045,-0.4658869395711501,0.5721247563352827,1.8,0.6,2.7,1.8,0.6,2.7,1.8
0,95,-2.3746449947357178,-0.21761921048164368,1.0536143029001688,99.62205976732623,0.2029046546085429,-0.25933834334870665,0.3053787012424849,0.05562643767649256,0.39386018041807835,-0.9819473649732959,-247.10826873779297,10.546570271253586,-29.0876567363739,-0.3944151877690533,0.5799220272904484,0.5847953216374269,-0.09844054580896688,0.34405458089668617,-0.2592592592592593,0.3771929824561404,1.8,0.6,2.7,1.8,0.6,2.7,1.8
0,96,-2.3982067108154297,-0.23756712675094604,1.0466651970876257,100.66872496441385,0.8777226323751435,-0.4162476339347636,-0.1835350466559702,-0.17760327447678437,0.5974577287651139,0.10318374818756748,-237.46449947357178,10.333255678415298,-21.761921048164368,-0.3175611352720244,0.11403508771929816,-0.15692007797270957,0.1949317738791423,0.03606237816764124,0.24463937621832366,-0.5984405458089669,1.8,0.6,2.7,1.8,0.6,2.7,1.8
0,97,-2.39608097076416,-0.2556540369987488,1.0472902605007648,101.71601522491461,-0.08249751588180332,0.38029655422715347,-0.4046663030994533,0.19611566758430943,-0.12391719382018218,-0.2824641872540947,-239.82067108154297,10.331384837627411,-23.756712675094604,-0.15350051017140007,0.5311890838206628,-0.24561403508771928,-0.10136452241715399,-0.0964912280701754,0.36159844054580903,0.05263157894736836,1.8,0.6,2.7,1.8,0.6,2.7,1.8
0,98,-2.3955719470977783,-0.2481742948293686,1.0474399917942991,102.76345521670892,0.6713850325429498,-0.6438241022900746,0.9972002074838451,-0.9235619151773171,-0.9686602235145312,-0.080168500629207,-239.60809707641602,10.398535430431366,-25.565403699874878,-0.45058222202707443,-0.05555555555555558,0.22417153996101358,-0.24366471734892792,0.12183235867446385,-0.07309941520467833,-0.16959064327485385,1.8,0.6,2.7,1.8,0.6,2.7,1.8
0,99,-2.4525563716888428,-0.27776455879211426,1.03081003237376,103.79426524908268,-0.587864177973455,0.5435363304693621,-0.31740212371268495,-0.37167540319492276,-0.941267348026307,-0.6451119474214233,-239.55719470977783,10.408011823892593,-24.81742948293686,-0.2570570727962401,0.40545808966861596,-0.3898635477582846,0.6159844054580896,-0.5575048732943471,-0.5857699805068226,-0.05458089668615984,1.8,0.6,2.7,1.8,0.6,2.7,1.8
0,100,-2.5154075622558594,-0.29056259989738464,1.0127739907651525,104.80703923984784,-0.685712623345039,-0.6309608988019175,0.8056167351011225,-0.8245226771135308,0.524976878587927,0.530648583604654,-245.25563716888428,10.48954427242279,-27.776455879211426,-0.7078711816950134,-0.3635477582846004,0.3372319688109162,-0.18031189083820665,-0.22514619883040932,-0.5779727095516569,-0.3908382066276803,1.8,0.6,2.7,1.8,0.6,2.7,1.8
0,101,-2.452996253967285,-0.3031880259513855,1.0306826923960812,105.83772193224392,0.14988720936069977,-0.330797147188405,0.2891237089797465,-0.9384088622362368,-0.43310921304906835,0.2850124151861859,-251.54075622558594,10.553082823753357,-29.056259989738464,-0.654107274306509,-0.42397660818713445,-0.398635477582846,0.47173489278752445,-0.5194931773879142,0.32261208576998057,0.3157894736842106,1.8,0.6,2.7,1.8,0.6,2.7,1.8
0,102,-2.4595446586608887,-0.3067736029624939,1.0287888768066349,106.86651080905055,0.845087873096394,0.09831253388999128,0.1524155799773088,-0.9541686152735935,-0.9480825388967182,0.8473945790081254,-245.29962539672852,10.539177060127258,-30.31880259513855,-0.5553050527987237,0.09161793372319682,-0.19980506822612087,0.19395711500974655,-0.5614035087719298,-0.25828460038986356,0.18128654970760238,1.8,0.6,2.7,1.8,0.6,2.7,1.8
0,103,-2.442286252975464,-0.26676449179649353,1.0337875687682654,107.90029837781881,-0.683618188138845,0.9343902314752348,-0.055495928454294186,0.36777245009706094,-0.055032292534290095,-0.8168327648331632,-245.95446586608887,10.534853488206863,-30.67736029624939,-0.5764007042619403,0.5175438596491229,0.05555555555555558,0.09844054580896677,-0.5672514619883041,-0.5653021442495128,0.5097465886939572,1.8,0.6,2.7,1.8,0.6,2.7,1.8
0,104,-2.367581844329834,-0.22217175364494324,1.0557064269427938,108.9560048047616,0.3286946584033186,0.09882041551164211,0.8712237384688568,0.5457505080468319,-0.17384581440967373,0.1340360187113543,-244.2286252975464,10.410922765731812,-26.676449179649353,-0.21898214049880418,-0.42690058479532167,0.5487329434697856,-0.052631578947368474,0.2134502923976609,-0.04678362573099415,-0.5019493177387915,1.8,0.6,2.7,1.8,0.6,2.7,1.8
0,105,-2.3645076751708984,-0.21017201244831085,1.05661830111513,110.01262310587674,0.6329612850463218,0.3061707116617389,-0.8606115384417876,-0.8249764577365695,-0.9135405611853564,-0.6286870827612514,-236.7581844329834,10.367145389318466,-22.217175364494324,-0.3573684273782752,0.19200779727095507,0.04775828460038989,0.5116959064327486,0.3099415204678362,-0.11890838206627685,0.07115009746588696,1.8,0.6,2.7,1.8,0.6,2.7,1.8
0,106,-2.5989608764648438,-0.3000977039337158,0.9892848522823331,111.00190795815908,0.5445207545339004,-0.9958508990218866,0.8451805264543442,0.6372659133911214,0.2433254705465573,0.29700439909489273,-236.45076751708984,10.33821851015091,-21.017201244831085,-0.2616936330931088,0.3771929824561404,0.19883040935672525,-0.4678362573099415,-0.46881091617933723,-0.52046783625731,-0.3693957115009746,1.8,0.6,2.7,1.8,0.6,2.7,1.8
0,107,-2.3682377338409424,-0.11090825498104095,1.0555119758693388,112.05741993402842,0.4929006840809007,-0.75208361835827,0.90622755452942,0.5882976786018348,0.3635805349135772,-0.8171457541979144,-259.8960876464844,10.713382810354233,-30.009770393371582,-0.8942473493646089,0.3265107212475633,-0.6169590643274854,0.39181286549707606,0.27972709551656916,0.12378167641325533,0.1608187134502923,1.8,0.6,2.7,1.8,0.6,2.7,1.8
0,108,-2.3682377338409424,-0.11090825498104095,1.0555119758693388,113.11293190989775,-0.7669245529255115,-0.36585559700766757,0.772346235889843,-0.8724200303959042,-0.9028088157814882,-0.7902909453234164,-236.82377338409424,10.092559456825256,-11.090825498104095,-0.07594897669724958,0.30116959064327475,-0.47465886939571145,0.5506822612085771,0.364522417153996,0.2192982456140351,-0.49902534113060426,1.8,0.6,2.7,1.8,0.6,2.7,1.8
0,109,-2.5387096405029297,-0.31157422065734863,1.0061676136446454,114.1190995235424,-0.024299132927474876,-0.6338349505906375,-0.47553913458416464,-0.5792907502595974,-0.12581620816495565,0.012291371741529389,-236.82377338409424,10.092559456825256,-11.090825498104095,-0.07594897669724958,-0.46881091617933723,-0.21832358674463936,0.47173489278752445,-0.5224171539961013,-0.537037037037037,-0.4834307992202729,1.8,0.6,2.7,1.8,0.6,2.7,1.8
0,110,-2.498613119125366,-0.3072453439235687,1.0175622678180283,115.13666179136042,0.4926478908362981,0.2773785055539022,-0.3561460012937976,-0.8992846582502834,0.8049199644753062,-0.1806877628627157,-253.87096405029297,10.50727516412735,-31.157422065734863,-0.7495004846122023,-0.011695906432748537,-0.3771929824561403,-0.28167641325536064,-0.3557504873294347,-0.07504873294346981,0.00877192982456143,1.8,0.6,2.7,1.8,0.6,2.7,1.8
0,111,-2.5614473819732666,-0.3124973177909851,0.9997627748455569,116.13642456620597,-0.3762063443375807,-0.4286226886696254,-0.5430760559024792,0.48309585691606305,0.8244480148072209,0.4064641706358052,-249.86131191253662,10.580889135599136,-30.724534392356873,-0.46715380026835684,0.29239766081871355,0.15594541910331383,-0.23099415204678364,-0.5614035087719298,0.47465886939571145,-0.11403508771929827,1.8,0.6,2.7,1.8,0.6,2.7,1.8
0,112,-2.4618215560913086,-0.31048038601875305,1.0281312078108107,117.16455577401679,-0.36229184768486355,-0.6127603966716635,0.9380968971915666,0.526922699924435,-0.6502753545994657,0.7063275044107087,-256.14473819732666,10.594294965267181,-31.24973177909851,-0.6480006115605333,-0.2407407407407407,-0.2699805068226121,-0.3538011695906432,0.27192982456140347,0.4863547758284601,0.23684210526315796,1.8,0.6,2.7,1.8,0.6,2.7,1.8
0,113,-2.422853708267212,-0.2691954970359802,1.0394450500832781,118.20400082410006,-0.21758195879986109,-0.8565551608631352,0.3118359621320188,0.03623493653447918,0.20290558597178587,0.7724584270277228,-246.18215560913086,10.541193187236786,-31.048038601875305,-0.8932468758360972,-0.23391812865497075,-0.3830409356725146,0.5536062378167641,0.30311890838206623,-0.40740740740740744,0.4259259259259258,1.8,0.6,2.7,1.8,0.6,2.7,1.8
0,114,-2.515388250350952,-0.309257447719574,1.0127794838375745,119.21678030793764,-0.7607800351297791,-0.8754541722315374,0.6397637131426805,-0.39942238367725946,-0.7830515295774065,0.580698769181013,-242.2853708267212,10.460244864225388,-26.919549703598022,-0.6802086616552423,-0.13840155945419108,-0.5146198830409356,0.19883040935672525,0.030214424951267027,0.11890838206627685,0.45614035087719307,1.8,0.6,2.7,1.8,0.6,2.7,1.8
0,115,-2.4558217525482178,-0.3339880108833313,1.0298651236794099,120.24664543161705,0.5341727851485907,0.8789110693382132,-0.549108430013495,-0.33736760116859266,0.5107541600666108,-0.853125327561923,-251.53882503509521,10.449697077274323,-30.925744771957397,-0.6855432400813783,-0.46393762183235865,-0.5263157894736843,0.39473684210526305,-0.23684210526315785,-0.4756335282651072,0.3557504873294346,1.8,0.6,2.7,1.8,0.6,2.7,1.8
0,116,-2.4914352893829346,-0.3257310390472412,1.0196156437242867,121.26626107534135,-0.6507890831292675,0.18759859836086967,-0.9756416469166258,0.18750309770838536,0.2564184243495611,0.45393165590034945,-245.58217525482178,10.574712604284286,-33.39880108833313,-0.58186395945924,0.32553606237816757,0.5282651072124755,-0.3508771929824561,-0.21345029239766078,0.30604288499025345,-0.5243664717348928,1.8,0.6,2.7,1.8,0.6,2.7,1.8
0,117,-2.4347589015960693,-0.31289759278297424,1.0359753763997943,122.30223645174114,-0.013694637818368882,0.29297293298410443,-0.6459214646013605,0.37675574019597957,0.5288640113764729,-0.06363897353325232,-249.14352893829346,10.533895343542099,-32.57310390472412,-0.8254441785677872,-0.4044834307992202,0.11306042884990264,-0.5857699805068226,0.11013645224171542,0.1520467836257311,0.2729044834307992,1.8,0.6,2.7,1.8,0.6,2.7,1.8
0,118,-2.4083569049835205,-0.29082199931144714,1.0436857220351308,123.34592217377627,0.7667683672362275,0.8809012899443607,-0.5093120082427298,-0.05301443720449073,0.41035902651934,0.285516787605246,-243.47589015960693,10.478313267230988,-31.289759278297424,-0.5873947580289154,-0.014619883040935644,0.1578947368421053,-0.42690058479532167,0.19688109161793377,0.30409356725146197,-0.03801169590643272,1.8,0.6,2.7,1.8,0.6,2.7,1.8
0,119,-2.406256675720215,0.03040243498980999,1.044301523945601,124.39022369772188,0.8502177886938802,0.8849039260351381,0.18032270788135785,0.6864152427882915,0.7002539964750887,-0.6973241843647602,-240.83569049835205,10.448934137821198,-29.082199931144714,-0.35101550761173506,0.46686159844054576,0.5282651072124755,-0.33333333333333337,-0.041910331384015564,0.23879142300194922,0.16179337231968804,1.8,0.6,2.7,1.8,0.6,2.7,1.8
0,120,-2.367295265197754,0.017156805843114853,1.0557914000891089,125.44601509781099,0.037113113488912886,0.612051786183673,0.8234168001702205,-0.2607431329008405,0.4500995149403053,0.5005454168526451,-240.62566757202148,10.207946598529816,3.040243498980999,0.7298630001376597,0.5146198830409356,0.5389863547758285,0.10233918128654973,0.40253411306042874,0.41520467836257313,-0.42884990253411304,1.8,0.6,2.7,1.8,0.6,2.7,1.8
0,121,-2.367293357849121,0.017143044620752335,1.0557919656570869,126.50180706346808,-0.7115345897744376,0.8658374810672163,-0.9191041819979622,-0.6169581627266609,0.6740592369700236,-0.7509081987549506,-236.7295265197754,10.165102779865265,1.7156805843114853,0.31637154270742945,0.0185185185185186,0.3771929824561404,0.5116959064327486,-0.15009746588693962,0.2777777777777777,0.29532163742690054,1.8,0.6,2.7,1.8,0.6,2.7,1.8
0,122,-2.367293357849121,0.017143044620752335,1.0557919656570869,127.55759902912517,0.5334457562620036,-0.9566455337458759,-0.793997175107843,0.9585130311534593,0.15497134467025475,-0.4037740810763233,-236.7293357849121,10.161852836608887,1.7143044620752335,0.315306259138157,-0.4307992202729045,0.537037037037037,-0.4619883040935673,-0.3499025341130604,0.4142300194931774,-0.45808966861598444,1.8,0.6,2.7,1.8,0.6,2.7,1.8
0,123,-2.6042001247406006,-0.36638280749320984,0.9878302396674289,128.5454292687926,-0.7667343806762481,0.08700205034013697,-0.7503466469693425,-0.49387118357480464,-0.652112498315683,0.6583904591591359,-236.7293357849121,10.161852836608887,1.7143044620752335,0.315306259138157,0.32456140350877183,-0.5838206627680311,-0.49025341130604283,0.5701754385964912,0.08382066276803113,-0.2592592592592593,1.8,0.6,2.7,1.8,0.6,2.7,1.8
0,124,-2.4229581356048584,-0.2970290184020996,1.039414565106678,129.58484383389927,-0.40600047464508715,0.7729902949896983,-0.7877589934148375,0.4270958552318629,0.9427994014634216,-0.09350726402323128,-260.42001247406006,10.748892277479172,-36.638280749320984,-0.6034676534961448,-0.46881091617933723,0.06237816764132553,-0.44834307992202727,-0.28752436647173485,-0.38596491228070173,0.4083820662768032,1.8,0.6,2.7,1.8,0.6,2.7,1.8
0,125,-2.4715280532836914,-0.331454873085022,1.0253322539362968,130.61017608783555,0.707576616954454,-0.990364477946077,0.7662862100708525,-0.7293224756625973,-0.10091417372572109,0.40554161364180974,-242.29581356048584,10.488862544298172,-29.70290184020996,-0.5479354856522495,-0.25828460038986356,0.4571150097465886,-0.49610136452241715,0.2456140350877194,0.5750487329434697,-0.06140350877192979,1.8,0.6,2.7,1.8,0.6,2.7,1.8
0,126,-2.416795253753662,-0.31138545274734497,1.0412151974124397,131.651391285248,-0.09275973807788707,-0.5935674881384561,0.7782180855165051,0.27595750705023536,0.21336204203258968,-0.11458076569160003,-247.15280532836914,10.551925003528595,-33.1454873085022,-0.45297931661841523,0.42690058479532156,-0.6003898635477583,0.4756335282651072,-0.435672514619883,-0.06432748538011701,0.23586744639376223,1.8,0.6,2.7,1.8,0.6,2.7,1.8
0,127,-2.556926727294922,-0.30668601393699646,1.0010329116928844,132.65242419694087,-0.9497114210558908,-0.8316463324430841,-0.5304396563706066,0.8524453490659958,0.7275618642309412,0.20049328182116355,-241.6795253753662,10.452323406934738,-31.138545274734497,-0.5980076860170438,-0.06530214424951264,-0.37524366471734893,0.45614035087719307,0.1520467836257311,0.1150097465886939,-0.07602339181286555,1.8,0.6,2.7,1.8,0.6,2.7,1.8
0,128,-2.4385993480682373,-0.3480745851993561,1.0348585814283178,133.6872827783692,0.8922004874176612,0.8162396514481751,-0.6071919674566253,0.44971958578565085,-0.18382608105214993,-0.24862026825677863,-255.6926727294922,10.558069497346878,-30.668601393699646,-0.4726018557762634,-0.5906432748538012,-0.5019493177387915,-0.3187134502923976,0.5214424951267056,0.4522417153996101,0.12085769980506833,1.8,0.6,2.7,1.8,0.6,2.7,1.8
0,129,-2.4357306957244873,-0.3323219120502472,1.035692666554849,134.72297544492403,0.9507966389259495,-0.9122111574275167,-0.09651687545275545,0.8058614116462657,-0.23023322688269943,-0.15469320694673416,-243.85993480682373,10.528850555419922,-34.80745851993561,-0.33965923891015315,0.5477582846003899,0.4922027290448343,-0.3762183235867447,0.26608187134502925,-0.12475633528265107,-0.15107212475633525,1.8,0.6,2.7,1.8,0.6,2.7,1.8
0,130,-2.438951253890991,-0.31362754106521606,1.0347563080762803,135.75773175300031,0.01873841282656441,-0.11877658857285689,-0.23717009071285355,-0.3646122479382705,-0.46545283802152104,-0.42923484109015386,-243.57306957244873,10.489657521247864,-33.23219120502472,-0.21579823814710525,0.5750487329434697,-0.5555555555555556,-0.05750487329434695,0.48732943469785583,-0.14912280701754388,-0.11111111111111116,1.8,0.6,2.7,1.8,0.6,2.7,1.8
0,131,-2.558868169784546,-0.4009075164794922,1.0004872405539182,136.75821899355424,-0.4205485534481781,-0.34780871511195977,-0.05158714655437624,-0.6081574045479003,0.6983012342929711,-0.6471594387352733,-243.89512538909912,10.475126653909683,-31.362754106521606,-0.19039198438605356,0.006822612085769952,-0.06822612085769986,-0.13157894736842102,-0.21052631578947367,-0.2729044834307992,-0.25536062378167645,1.8,0.6,2.7,1.8,0.6,2.7,1.8
0,132,-2.572622299194336,-0.40040406584739685,0.9966299476951246,137.75484894124935,-0.8005764368836412,-0.6027015049338158,-0.6914584439426099,-0.10882803951967301,0.9538531038338909,-0.6967249494111907,-255.8868169784546,10.637527704238892,-40.09075164794922,-0.8006569020591685,-0.2573099415204678,-0.20467836257309946,-0.03606237816764135,-0.37524366471734893,0.41910331384015587,-0.3937621832358674,1.8,0.6,2.7,1.8,0.6,2.7,1.8
0,133,-2.6045336723327637,-0.392169326543808,0.9877377067450518,138.74258664799441,0.17132282329161064,-0.6734596010892571,0.34531875438831117,0.390145401399566,0.059846822799452415,-0.04749135842050878,-257.2622299194336,10.566748678684235,-40.040406584739685,-0.7449393358326217,-0.49610136452241715,-0.3664717348927875,-0.4171539961013645,-0.07115009746588696,0.5818713450292399,-0.4298245614035088,1.8,0.6,2.7,1.8,0.6,2.7,1.8
0,134,-2.43259334564209,-0.3402760326862335,1.0366056475252985,139.77919229551972,0.8279694027702458,0.008096630457238962,0.8897570427351271,-0.41408943584507596,0.6913677823473103,0.8962875483476849,-260.45336723327637,10.717707872390747,-39.2169326543808,-0.716270461988237,0.10038986354775825,-0.4249512670565302,0.19590643274853803,0.2134502923976609,0.0185185185185186,-0.040935672514619936,1.8,0.6,2.7,1.8,0.6,2.7,1.8
0,135,-2.3783700466156006,-0.24812160432338715,1.052512602974938,140.83170489849465,-0.7442269543583206,0.5776294364800669,-0.5448269544526705,-0.7947717413761122,-0.05374719149181484,0.6667467967161373,-243.25933456420898,10.518892854452133,-34.02760326862335,-0.3237602195777919,0.503898635477583,-0.0019493177387914784,0.5263157894736843,-0.2680311890838206,0.41325536062378165,0.5409356725146199,1.8,0.6,2.7,1.8,0.6,2.7,1.8
0,136,-2.4148459434509277,-0.33222696185112,1.0417853838146636,141.87349028230932,0.20914616546437204,0.319482023653207,0.522319329056637,-0.457616074395901,0.4918769924334099,0.46920085386151333,-237.83700466156006,10.336383432149887,-24.812160432338715,-0.1791015494195401,-0.46101364522417154,0.35672514619883033,-0.3265107212475633,-0.4678362573099415,-0.01851851851851849,0.41033138401559444,1.8,0.6,2.7,1.8,0.6,2.7,1.8
0,137,-2.4005777835845947,-0.31205514073371887,1.045946233030559,142.91943651533987,0.37320323084084683,0.18077667300057332,-0.6671115793548876,0.5861634656741863,0.4025419938958801,-0.6428197487981668,-241.48459434509277,10.482990741729736,-33.222696185112,-0.3533385996473731,0.12280701754385959,0.18323586744639386,0.30896686159844045,-0.29239766081871343,0.28752436647173485,0.2807017543859649,1.8,0.6,2.7,1.8,0.6,2.7,1.8
0,138,-2.40006160736084,-0.31363698840141296,1.0461200786754101,143.96555659401528,0.1632582644988836,0.9685946917113721,-0.2566755874882116,-0.3140385500995224,0.686628426476037,-0.9202824960092846,-240.065336227417,10.432735830545425,-31.212058663368225,-0.27622328876165253,0.22319688109161784,0.12085769980506833,-0.39766081871345027,0.3557504873294346,0.24269005847953218,-0.3937621832358674,1.8,0.6,2.7,1.8,0.6,2.7,1.8
0,139,-2.3883438110351562,-0.2921564280986786,1.0504305360810164,145.0159871300963,-0.8428232934917137,-0.1568124661471888,0.5544035493629447,-0.43659650013214724,-0.2927031133355036,-0.10458099368939866,-240.00616073608398,10.453995317220688,-31.363698840141296,-0.3506494531877695,0.09746588693957126,0.5847953216374269,-0.16374269005847952,-0.19103313840155944,0.41520467836257313,-0.5545808966861598,1.8,0.6,2.7,1.8,0.6,2.7,1.8
0,140,-2.4721221923828125,-0.36684030294418335,1.0251611763902215,146.04114830648652,0.5720938949588752,-0.46261632544692466,-0.06347799749252303,0.7056799926332531,-0.9801747145283728,-0.76379293801929,-238.5420560836792,10.44289618730545,-28.970131278038025,-0.5120083077899228,-0.5194931773879142,-0.09161793372319693,0.3479532163742689,-0.25243664717348924,-0.165692007797271,-0.06432748538011701,1.8,0.6,2.7,1.8,0.6,2.7,1.8
0,141,-2.468860626220703,-0.3565312325954437,1.0261006698522381,147.06724897633876,0.09034839859182342,0.2995187504468815,0.32381581658988345,0.9287757930254943,-0.5055053293092229,-0.024400681484962217,-247.21221923828125,10.545369982719421,-36.684030294418335,-0.6727215363527111,0.3450292397660819,-0.2807017543859649,-0.03703703703703709,0.42884990253411304,-0.5886939571150098,-0.4649122807017544,1.8,0.6,2.7,1.8,0.6,2.7,1.8
0,142,-2.422962188720703,-0.259091854095459,1.039413381917848,148.1066623582566,-0.6259566137321251,-0.5759009307884864,0.6538564230384187,0.964098825024577,0.7100433341377326,0.1558961251636426,-246.8860626220703,10.55905967950821,-35.65312325954437,-0.45449233613128903,0.050682261208577106,0.17738791423001943,0.18518518518518512,0.5487329434697856,-0.31676413255360625,-0.023391812865497075,1.8,0.6,2.7,1.8,0.6,2.7,1.8
0,143,-2.3514888286590576,-0.2279548943042755,1.0604887500256202,149.16715110828224,0.17578247023494376,0.9797369256016679,0.13864286411795512,-0.7786508030767307,-0.2565353340965637,0.9196292239381239,-242.2962188720703,10.42977049946785,-25.9091854095459,-0.8231122646954124,-0.39473684210526316,-0.3664717348927875,0.3801169590643274,0.5575048732943471,0.42105263157894735,0.0799220272904484,1.8,0.6,2.7,1.8,0.6,2.7,1.8
0,144,-2.4973931312561035,-0.3638751804828644,1.0179109802290247,150.18506208851127,-0.8135919828275826,-0.6802494849661915,-0.7090125847104198,0.8930580685493401,0.5941681255862437,-0.005813205627726248,-235.14888286590576,10.31898781657219,-22.79548943042755,-0.24180565800234827,0.11111111111111116,0.6062378167641325,0.10038986354775825,-0.45126705653021437,-0.14327485380116955,0.5555555555555556,1.8,0.6,2.7,1.8,0.6,2.7,1.8
0,145,-2.3822691440582275,-0.33397573232650757,1.0513606622881748,151.23642275079945,0.7240847381696978,0.3255226501408064,0.10402250051541961,0.3778235529037466,0.616209185993766,-0.005587087939263213,-249.73931312561035,10.608744621276855,-36.38751804828644,-0.6571220860393256,-0.5087719298245614,-0.43177387914230014,-0.4405458089668616,0.5253411306042886,0.3469785575048734,-0.014619883040935644,1.8,0.6,2.7,1.8,0.6,2.7,1.8
0,146,-2.3663525581359863,-0.294772744178772,1.0560709689951606,152.2924937197946,-0.48599274595932007,0.13242938004950822,-0.2575834080354067,0.4604859077964547,0.7942584127270957,-0.6063780940600358,-238.22691440582275,10.4636549949646,-33.39757323265076,-0.3408289705391489,0.4444444444444444,0.2007797270955165,0.05458089668615984,0.21442495126705663,0.3606237816764133,-0.016569200779727122,1.8,0.6,2.7,1.8,0.6,2.7,1.8
0,147,-2.3405401706695557,-0.2183263748884201,1.0637547135919017,153.3562484333865,-0.14955087998915828,0.19486661407239292,0.5740330008416923,0.9110504661397583,-0.9913129371405358,-0.7691119491283764,-236.63525581359863,10.362061858177185,-29.477274417877197,-0.6196378836792005,-0.30409356725146197,0.08966861598440556,-0.14522417153996103,0.27680311890838216,0.47173489278752445,-0.368421052631579,1.8,0.6,2.7,1.8,0.6,2.7,1.8
0,148,-2.3545982837677,-0.30022451281547546,1.059563035175673,154.41581146856217,-0.462016543650428,-0.26562772949874414,-0.8554627096509926,-0.9853203301596591,0.4743450766798549,0.47393390759247356,-234.05401706695557,10.273893922567368,-21.83263748884201,-0.26578523171501756,-0.10136452241715399,0.1072124756335282,0.34307992202729043,0.5506822612085771,-0.5984405458089669,-0.4600389863547758,1.8,0.6,2.7,1.8,0.6,2.7,1.8
0,149,-2.5558204650878906,-0.4091016352176666,1.0013439761524083,155.41715544471458,-0.14889785187011473,-0.5603199693997831,0.38876811949257006,-0.12924607130521837,-0.12462219300780042,-0.9325379960317339,-235.45982837677002,10.37493720650673,-30.022451281547546,-0.5899084611100581,-0.2748538011695907,-0.1335282651072125,-0.4649122807017544,-0.48538011695906436,0.30409356725146197,0.29337231968810906,1.8,0.6,2.7,1.8,0.6,2.7,1.8
0,150,-2.5212361812591553,-0.40853387117385864,1.011117460844624,156.4282729055592,0.04485439367076882,0.07714537801492627,-0.17551337215032414,-0.8662194163117831,0.5467493015820053,-0.4242627153789513,-255.58204650878906,10.685829073190689,-40.91016352176666,-0.8228954435074404,-0.10233918128654973,-0.3557504873294347,0.21832358674463936,-0.10526315789473684,-0.0964912280701754,-0.5808966861598441,1.8,0.6,2.7,1.8,0.6,2.7,1.8
