Episode,Ind_Q1_Loss,Ind_Q2_Loss,Ind_Policy_Loss,Pop_Q1_Loss,Pop_Q2_Loss,Pop_Policy_Loss
5,0.19539425,0.19040322,-4.0818167,0,0,0
6,0.0056064744,0.0040523047,-7.3522367,0,0,0
7,0.014472624,0.012574036,-10.856878,0,0,0
8,0.0067975726,0.0054766824,-14.056057,0,0,0
9,0.011645528,0.03315953,-16.295158,0,0,0
10,0.019646037,0.011877326,-21.91717,0,0,0
11,0.021350473,0.022876684,-23.560865,0,0,0
12,0.0660417,0.17670877,-25.98996,0,0,0
13,0.04740317,0.019898843,-27.516716,0,0,0
14,0.02878359,0.028018737,-30.341793,0,0,0
15,0.013276381,0.051169053,-32.76931,0,0,0
16,0.052133508,0.03315147,-34.332767,0,0,0
17,0.13347697,0.08824079,-35.656906,0,0,0
18,0.03281037,0.169981,-36.75921,0,0,0
19,0.11224957,0.15889026,-40.24469,0,0,0
20,0.21003294,0.123493955,-40.01609,0,0,0
21,0.038204074,0.07516214,-42.91189,0,0,0
22,0.03419816,0.027078357,-43.63016,0,0,0
23,0.019523673,0.030144274,-43.69274,0,0,0
24,0.021361813,0.047126494,-46.51178,0,0,0
