Episode,Ind_Q1_Loss,Ind_Q2_Loss,Ind_Policy_Loss,Pop_Q1_Loss,Pop_Q2_Loss,Pop_Policy_Loss
3,1.0591335,1.0300417,-3.883895,0.09058828,0.08608771,-4.0242643
4,0.849212,0.76963806,-9.62638,0.02271862,0.02313787,-0.53654325
5,0.21964082,0.20186162,-17.089603,0.0069212792,0.009556299,-1.7391071
6,0.1672392,0.14474931,-24.86096,0.0057118773,0.005685471,-0.9450924
7,0.094939455,0.099934444,-32.620113,0.008563986,0.008330539,-1.3732696
8,0.0799346,0.07801239,-39.423218,0.018595101,0.021492418,-1.0151143
9,0.05781035,0.06037604,-45.368214,0.010630375,0.012324004,-1.7352972
10,0.06764399,0.07099152,-50.836082,0.010935349,0.0121289855,-1.6952255
11,0.07273155,0.08110063,-55.62541,0.0072857295,0.007598571,-1.9463288
12,0.046786584,0.046957187,-59.92089,0.014096455,0.02220057,-2.711454
13,0.052037112,0.054074004,-63.96141,0.014097731,0.017651394,-3.6370416
14,0.046239033,0.043570157,-67.769424,0.00857693,0.009847021,-3.5203052
15,0.053624064,0.050186135,-70.96494,0.008108347,0.008306844,-3.745411
16,0.101368606,0.07453318,-74.06886,0.014973868,0.01358393,-3.9408245
17,0.06252907,0.05938857,-76.80329,0.012750593,0.013232139,-4.5727715
18,0.101551905,0.07521641,-79.645256,0.017071715,0.014484263,-5.0106077
19,0.09261865,0.09599297,-81.77571,0.02564893,0.025424104,-4.708087
20,0.060141776,0.062133327,-84.00493,0.012383981,0.012495844,-4.9650087
21,0.06623439,0.075540334,-85.97662,0.012890289,0.011713328,-5.4528646
22,0.053371504,0.06179943,-87.68286,0.014458713,0.012660038,-5.640733
23,0.06888322,0.068648845,-89.28256,0.018641278,0.017110372,-6.4047313
24,0.066673905,0.066231824,-90.816826,0.01671844,0.018322028,-6.4387274
25,0.071813785,0.077900946,-92.135056,0.0316668,0.026997836,-7.3748903
26,0.06183099,0.061002064,-93.08452,0.016920397,0.015951728,-7.3403416
27,0.087425485,0.08479304,-94.22637,0.0139759695,0.022002382,-7.7857
28,0.047730856,0.051723845,-94.98334,0.02050186,0.020478588,-7.0868816
29,0.087352246,0.08523454,-95.775604,0.012067865,0.013529819,-7.2329483
30,0.083156064,0.09076907,-96.54544,0.029524716,0.03806168,-7.7340384
31,0.12993523,0.1272203,-97.404915,0.023354271,0.023051452,-7.7977304
