Episode,Timestep,X_Position,Y_Position,Rewards,Cumulative_Rewards,Motor1_Action,Motor2_Action,Motor3_Action,Motor4_Action,Motor5_Action,Motor6_Action,X_State,Y_State,Z_State,Y_Heading,Motor1_Pos,Motor2_Pos,Motor3_Pos,Motor4_Pos,Motor5_Pos,Motor6_Pos,Plate1,Plate2,Plate3,Plate4,Plate5,Plate6,Plate7
0,0,-0.4482777416706085,-0.7775251865386963,0.8503208904738225,0.8503208904738225,0.7058468731303604,-0.5790905497944512,0.660929467555786,-0.5921513257299371,-0.17276012553899633,-0.19190951920976773,-44.220590591430664,0.0,0.0,0.0,0.0,0.014619883040935644,0.17251461988304095,0.13060428849902528,0.04873294346978563,0.0019493177387914784,0.6,0.6,0.6,0.6,0.6,0.6,0.6
0,1,-0.4482611119747162,-0.7781025171279907,0.8481761765859321,1.6984970670597548,-0.06870760602946113,0.7836930143781962,0.49072659410171493,0.06760607047902445,0.17377202189519791,-0.08192143614418224,-44.82777416706085,10.664885491132736,-77.75251865386963,-0.13401552565661584,0.4307992202729045,-0.3362573099415205,0.4307992202729045,-0.31676413255360625,-0.07309941520467833,-0.10721247563352831,0.6,0.6,0.6,0.6,0.6,0.6,0.6
0,2,-0.4381464421749115,-0.7741241455078125,0.8600898241218027,2.5585868911815575,0.830088211624411,-0.33703869178864565,0.3976637414853148,0.029583588101647518,-0.874589253987764,0.20171333302752759,-44.82611119747162,-0.00980570912361145,-0.05773305892944336,-0.13613178936968684,-0.0536062378167641,0.46588693957115,0.2748538011695907,0.01949317738791434,0.08382066276803113,-0.06140350877192979,0.6,0.6,0.6,0.6,0.6,0.6,0.6
0,3,-0.3792746663093567,-0.8093739151954651,0.8179411276610156,3.3765280188425733,-0.4429152078690466,-0.8695048524393691,-0.968924222094333,0.7822476097338891,0.837952172695889,0.09732422888282244,-43.81464421749115,0.04157349467277527,0.39783716201782227,-0.10713121527763624,0.5029239766081872,-0.1871345029239766,0.26023391812865504,0.03898635477582846,-0.4922027290448343,0.12085769980506833,0.6,0.6,0.6,0.6,0.6,0.6,0.6
0,4,-0.4020305275917053,-0.7870232462882996,0.8852987656221172,4.261826784464691,-0.2518205052542779,0.39470790908426046,0.8463816533663655,-0.28049246901989533,-0.41810240521387043,0.6302861728698497,-37.92746663093567,-0.03372505307197571,-3.524976968765259,0.05796342786588945,-0.28167641325536064,-0.5321637426900585,-0.5779727095516569,0.47270955165691997,0.5,0.05555555555555558,0.6,0.6,0.6,0.6,0.6,0.6,0.6
0,5,-0.3412458598613739,-0.6973260641098022,0.3549802459422745,4.6168070304069655,-0.7700245495309204,-0.11752359320883432,-0.026766860306665752,-0.6111286698639562,-0.9401472599188143,-0.477303031280395,-40.20305275917053,-0.012409687042236328,2.2350668907165527,-0.024318665278919918,-0.16276803118908378,0.2543859649122806,0.503898635477583,-0.18128654970760238,-0.26023391812865493,0.3801169590643274,0.6,0.6,0.6,0.6,0.6,0.6,0.6
0,6,-0.4169628322124481,-0.7503489255905151,0.800787274377835,5.4175943047848,-0.3845232538285408,0.2793900474122959,0.4408510395501477,-0.3994210790246586,0.8825836381787098,0.13343454111421882,-34.12458598613739,0.09198933839797974,8.969718217849731,-0.4686940553415457,-0.4766081871345029,-0.08089668615984402,-0.005847953216374324,-0.3538011695906432,-0.5526315789473684,-0.2855750487329435,0.6,0.6,0.6,0.6,0.6,0.6,0.6
0,7,-0.4172798693180084,-0.7720721960067749,0.9035739179675978,6.321168222752398,-0.24896191394100198,0.4876354220582262,-0.8443646356839101,0.1708936104888703,-0.010092117253976074,0.6106778819383571,-41.69628322124481,-0.09852126240730286,-5.302286148071289,-0.13201775201037722,-0.2485380116959064,0.14619883040935666,0.21637426900584789,-0.2933723196881092,0.29532163742690054,0.0536062378167641,0.6,0.6,0.6,0.6,0.6,0.6,0.6
0,8,-0.4215300679206848,-0.7627869248390198,0.8360645222349825,7.157232744987381,-0.6503987464653447,-0.33480873522421684,0.03136937637949,0.668342370268799,-0.07921537412082902,0.07931459506264904,-41.72798693180084,0.020103156566619873,-2.1723270416259766,0.02973286392311299,-0.15107212475633525,0.30409356725146197,-0.49025341130604283,0.10526315789473695,-0.010721247563352798,0.3606237816764133,0.6,0.6,0.6,0.6,0.6,0.6,0.6
0,9,-0.4037497937679291,-0.7599367499351501,0.894118368569792,8.051351113557173,-0.10500614621823989,0.5975893342175584,-0.8465397292533852,0.19295993585306448,-0.7800798480108777,0.8106499562219793,-42.15300679206848,-0.010430067777633667,0.9285271167755127,-0.10400733615408421,-0.4005847953216374,-0.20662768031189083,0.00877192982456143,0.3849902534113061,-0.06140350877192979,0.042884990253411415,0.6,0.6,0.6,0.6,0.6,0.6,0.6
0,10,-0.3839062452316284,-0.7055356502532959,0.5893241571706764,8.640675270727849,0.005810754166615473,-0.9174158278533646,0.6033979190996748,-0.8230081096898172,-0.8371184302064167,-0.13821952088378175,-40.37497937679291,-8.64267349243164e-05,0.2850174903869629,0.018124938086333486,-0.06822612085769986,0.3635477582846003,-0.48538011695906436,0.1364522417153997,-0.4551656920077972,0.4922027290448343,0.6,0.6,0.6,0.6,0.6,0.6,0.6
0,11,-0.3981141448020935,-0.7270119786262512,0.7722722788422324,9.412947549570081,0.5412939284145202,-0.6817337890911928,0.3089105200696698,0.2866322702315178,-0.468167453722266,0.5871030825333574,-38.39062452316284,0.07723644375801086,5.440109968185425,-0.293287522640799,0.003898635477582957,-0.5458089668615984,0.4005847953216375,-0.4307992202729045,-0.4658869395711501,-0.07309941520467833,0.6,0.6,0.6,0.6,0.6,0.6,0.6
0,12,-0.42204850912094116,-0.7667518854141235,0.844591425651084,10.257538975221165,0.28766004779626186,-0.17809472565243323,0.18271196373528698,0.7624218737737543,0.16125887463930977,-0.0935056875890452,-39.81141448020935,-0.08234903216362,-2.1476328372955322,-0.13140553872049357,0.3206627680311891,-0.4298245614035088,0.16374269005847952,0.12768031189083828,-0.31968810916179335,0.34113060428849895,0.6,0.6,0.6,0.6,0.6,0.6,0.6
0,13,-0.4053623676300049,-0.7551181316375732,0.7761416558741374,11.033680631095303,-0.7775867787080384,0.7344352023738361,-0.847438904405158,-0.938694947199757,0.8136412964565265,-0.6275372004504691,-42.204850912094116,-0.03128349781036377,-3.9739906787872314,-0.09631056964952636,0.17056530214424948,-0.12183235867446396,0.08771929824561409,0.4298245614035088,0.06920077972709548,-0.07309941520467833,0.6,0.6,0.6,0.6,0.6,0.6,0.6
0,14,-0.39716240763664246,-0.7590906023979187,0.8078123243198132,11.841492955415116,0.1464844580491489,0.9238017766772346,-0.6421400549142622,-0.7785943064542795,0.03448968620952364,0.9563689341430148,-40.53623676300049,0.05799233913421631,1.1633753776550293,-0.13857485158993924,-0.46881091617933723,0.4600389863547758,-0.4629629629629629,-0.46686159844054576,0.5126705653021442,-0.3771929824561403,0.6,0.6,0.6,0.6,0.6,0.6,0.6
0,15,-0.4198773205280304,-0.7550626993179321,0.8033722587442174,12.644865214159333,-0.06967975320381825,0.4948597346750001,0.19278578015969616,-0.4993882804340739,0.8258744012011401,-0.31663986442627934,-39.716240763664246,-0.020638108253479004,-0.3972470760345459,0.09443084414349304,0.07797270955165692,0.5487329434697856,-0.3927875243664717,-0.4629629629629629,0.0185185185185186,0.5721247563352827,0.6,0.6,0.6,0.6,0.6,0.6,0.6
0,16,-0.38922402262687683,-0.7897403836250305,0.7055245792402914,13.350389793399625,0.03226337479247943,0.10039023907150568,-0.15840874524481263,-0.6639930667150291,0.8081861375534336,0.9209989572831458,-41.98773205280304,-0.008775293827056885,0.4027903079986572,-0.1340603631510583,-0.051656920077972734,0.2894736842105263,0.08771929824561409,-0.3401559454191033,0.4863547758284601,-0.1978557504873294,0.6,0.6,0.6,0.6,0.6,0.6,0.6
0,17,-0.41466331481933594,-0.7434051036834717,0.6717331004555729,14.022122893855197,-0.8761331934442498,0.6763779969537473,-0.22998544782439967,-0.5411798187041839,-0.23214291492579875,-0.5398448555127082,-38.92240226268768,0.0448666512966156,-3.467768430709839,0.18488431358679583,0.01754385964912286,0.06335282651072127,-0.08966861598440545,-0.4093567251461988,0.47758284600389866,0.5467836257309941,0.6,0.6,0.6,0.6,0.6,0.6,0.6
0,18,-0.40444937348365784,-0.7603479027748108,0.6863839013224581,14.708506795177655,0.007249504951109431,-0.9610389308520235,0.945080377283924,0.9462333125664852,-0.20202160753263776,-0.6729809974577616,-41.466331481933594,-0.05641430616378784,4.633527994155884,-0.2574444971805753,-0.5331384015594542,0.4220272904483431,-0.1335282651072125,-0.3187134502923976,-0.11403508771929827,-0.32261208576998046,0.6,0.6,0.6,0.6,0.6,0.6,0.6
0,19,-0.4099997580051422,-0.7877026796340942,0.7558241020139873,15.464330897191642,-0.24425566281373357,0.24843718094672074,0.7469139173094921,-0.41015167492094795,0.24500783030123396,0.7507459834036088,-40.444937348365784,0.01739487051963806,-1.6942799091339111,-0.22693112474800645,-0.0029239766081871066,-0.5994152046783625,0.5409356725146199,0.5360623781676412,-0.14230019493177393,-0.41033138401559455,0.6,0.6,0.6,0.6,0.6,0.6,0.6
0,20,-0.40374794602394104,-0.7914179563522339,0.7014217878480287,16.16575268503967,-0.21012125678712956,-0.07065775141902453,0.7818165361017066,-0.022242572644351588,0.2983876153773066,0.9646997648420654,-40.99997580051422,0.014615058898925781,-2.7354776859283447,0.16606057821868206,-0.15692007797270957,0.13742690058479523,0.4483430799220274,-0.2543859649122807,0.1393762183235867,0.4483430799220274,0.6,0.6,0.6,0.6,0.6,0.6,0.6
0,21,-0.4100874662399292,-0.7919596433639526,0.7578309294012806,16.92358361444095,0.3101958555678783,-0.37358602151207476,0.5410682568042473,0.0737646980548583,0.3905440155613078,0.4469627543137853,-40.374794602394104,-0.0276222825050354,-0.37152767181396484,0.21081869064240633,-0.1364522417153996,-0.041910331384015564,0.4619883040935673,-0.03703703703703709,0.1578947368421053,0.5623781676413255,0.6,0.6,0.6,0.6,0.6,0.6,0.6
0,22,-0.40158918499946594,-0.788617730140686,0.8052993414075469,17.728882955848498,-0.04397478941340327,-0.7225270019929986,0.3123295931013419,-0.8705341842173424,0.9714057548543611,0.005164386222132,-41.00874662399292,-0.005111098289489746,-0.054168701171875,0.16419012680132253,0.1793372319688109,-0.22807017543859653,0.33040935672514626,0.033138401559454245,0.23391812865497075,0.2787524366471734,0.6,0.6,0.6,0.6,0.6,0.6,0.6
0,23,-0.4347360134124756,-0.7586572170257568,0.7437234441822838,18.47260640003078,-0.12727429990295747,0.8736916763659166,0.6219681060279032,-0.3762320927605374,0.08344872494872657,-0.7723109869543658,-40.158918499946594,0.015922635793685913,0.33419132232666016,0.10364583508674785,-0.025341130604288553,-0.42690058479532167,0.22319688109161784,-0.48635477582846,0.5916179337231968,0.0029239766081872176,0.6,0.6,0.6,0.6,0.6,0.6,0.6
0,24,-0.39190933108329773,-0.7997714877128601,0.7315159668781754,19.204122366908955,-0.9860288329165112,-0.7292756379396184,-0.9511752324590097,0.6832568290110856,0.865670958969549,0.3408388986262403,-43.47360134124756,0.03749430179595947,2.99605131149292,-0.21783300333191152,-0.08187134502923976,0.5204678362573099,0.36159844054580903,-0.23391812865497075,0.0536062378167641,-0.4649122807017544,0.6,0.6,0.6,0.6,0.6,0.6,0.6
0,25,-0.4213935136795044,-0.7837255001068115,0.7721917547579094,19.976314121666864,0.004535185490229132,-0.053531936025634774,-0.22204447294413598,0.8361814041818796,-0.011156409672380851,-0.7756779794870459,-39.19093310832977,-0.011216849088668823,-4.111427068710327,0.16286983502909103,-0.6072124756335282,-0.45126705653021437,-0.5516569200779727,0.4171539961013646,0.50682261208577,0.19688109161793377,0.6,0.6,0.6,0.6,0.6,0.6,0.6
0,26,-0.42581549286842346,-0.80440354347229,0.9152920355073648,20.891606157174227,0.502369176711785,0.15494396069963656,0.1171114707873473,0.7823803732048993,0.09356694558400003,0.12748727947983518,-42.13935136795044,0.0050671398639678955,1.6045987606048584,-0.16766162960791398,0.006822612085769952,-0.02729044834307992,-0.12768031189083817,0.5058479532163742,-0.00877192982456143,-0.469785575048733,0.6,0.6,0.6,0.6,0.6,0.6,0.6
0,27,-0.4194618761539459,-0.7937203049659729,0.88130770833037,21.7729138655046,0.77792042928187,0.9089652213244881,0.5925569799526302,0.5610381841438612,-0.4370866530030231,-0.08889667413281321,-42.581549286842346,-0.04228055477142334,-2.0678043365478516,0.03167413805095754,0.29824561403508776,0.08284600389863539,0.05458089668615984,0.46393762183235876,0.032163742690058506,0.06140350877192979,0.6,0.6,0.6,0.6,0.6,0.6,0.6
0,28,-0.43524593114852905,-0.7593533992767334,0.7589089189804751,22.531822784485072,0.9092510863560865,0.24597623573887661,-0.9547007203763307,-0.20015529894216733,0.23138256931402834,-0.8470452867409948,-41.94618761539459,0.05026385188102722,1.0683238506317139,-0.055463212757674143,0.46393762183235876,0.5526315789473684,0.33820662768031196,0.32553606237816757,-0.2729044834307992,-0.04873294346978563,0.6,0.6,0.6,0.6,0.6,0.6,0.6
0,29,-0.4093272387981415,-0.7648569941520691,0.9019667509013656,23.43378953538644,-0.7667219582102389,-0.7523524540422875,-0.8290772498240426,-0.9108578255491708,0.6665156068273264,0.0085444447336529,-43.524593114852905,0.024325400590896606,3.43669056892395,-0.20349141472507723,0.5448343079922027,0.17251461988304095,-0.5097465886939572,-0.05653021442495132,0.17543859649122817,-0.5009746588693957,0.6,0.6,0.6,0.6,0.6,0.6,0.6
0,30,-0.4470418691635132,-0.8065189719200134,0.8054811379041527,24.23927067329059,0.3769662528462754,0.7137902798634375,0.7966827922139867,-0.06318984717784137,0.7318838773739034,-0.7871436896056749,-40.93272387981415,-0.059407949447631836,-0.5503594875335693,-0.018873234319232306,-0.469785575048733,-0.4629629629629629,-0.4873294346978557,-0.5282651072124757,0.4142300194931774,0.01072124756335291,0.6,0.6,0.6,0.6,0.6,0.6,0.6
0,31,-0.43345311284065247,-0.8391154408454895,0.8779160255166396,25.11718669880723,0.0919925189594144,0.4668236032027746,0.38330344693959595,0.19852175632479407,0.619513439338121,-0.21342791699723063,-44.70418691635132,0.052206963300704956,-4.166197776794434,-0.17674415984141756,0.20955165692007793,0.368421052631579,0.3187134502923976,-0.12085769980506822,0.4035087719298245,-0.4941520467836257,0.6,0.6,0.6,0.6,0.6,0.6,0.6
0,32,-0.43416011333465576,-0.8298559188842773,0.952378737526437,26.06956543633367,0.5809283486364403,-0.26605194251929176,0.9588058226278549,0.8332510622869997,-0.5325628137623157,-0.23385693388907924,-43.34531128406525,0.0023655593395233154,-3.2596468925476074,0.08152204303839028,0.060428849902534054,0.2807017543859649,0.23879142300194922,0.11695906432748537,0.37329434697855746,-0.13840155945419108,0.6,0.6,0.6,0.6,0.6,0.6,0.6
0,33,-0.42532584071159363,-0.8113407492637634,0.6981579162616266,26.767723352595294,-0.2730208686814424,-0.9841354559178368,-0.478124323747007,-0.41973237127800656,0.3843663707931275,0.9001828234437759,-43.416011333465576,0.010259449481964111,0.9259521961212158,-0.008225919298571525,0.3450292397660819,-0.16666666666666663,0.5692007797270955,0.4980506822612085,-0.3187134502923976,-0.13840155945419108,0.6,0.6,0.6,0.6,0.6,0.6,0.6
0,34,-0.4548722803592682,-0.7899065017700195,0.9348978503151011,27.702621202910393,-0.5411257629801001,-0.21356499799220297,-0.8340848413557276,-0.41785316529482386,-0.10026446669720368,0.6982404594008587,-42.53258407115936,-0.013067573308944702,1.8515169620513916,0.24801677088112356,-0.16276803118908378,-0.5857699805068226,-0.2641325536062378,-0.22027290448343084,0.2465886939571149,0.5526315789473684,0.6,0.6,0.6,0.6,0.6,0.6,0.6
0,35,-0.46847596764564514,-0.7729520201683044,0.9304716946257832,28.633092897536176,-0.3300435294778856,-0.42761397594223216,-0.7145601999341054,-0.2566601816333922,-0.35093786451773945,0.15133265671941953,-45.48722803592682,-0.06533265113830566,2.1434247493743896,0.06081428763439397,-0.3313840155945419,-0.13157894736842102,-0.48538011695906436,-0.24171539961013644,-0.05458089668615984,0.4259259259259258,0.6,0.6,0.6,0.6,0.6,0.6,0.6
0,36,-0.4493961036205292,-0.7539529204368591,0.785592621017416,29.41868551855359,-0.8425728009250399,-0.501050520941567,-0.8907257821800432,-0.9471461814313151,0.4020155666078078,-0.5294128732901351,-46.847596764564514,0.031082332134246826,1.6954481601715088,-0.08930800906483113,-0.21442495126705652,-0.25536062378167645,-0.435672514619883,-0.15009746588693962,-0.1900584795321637,0.10038986354775825,0.6,0.6,0.6,0.6,0.6,0.6,0.6
0,37,-0.46046173572540283,-0.7635431885719299,0.7512537699441475,30.169939288497737,0.5066908931188281,-0.5633994205849593,0.8235405310334449,-0.5335904650834271,0.466652165468862,-0.5701187128117458,-44.93961036205292,0.008627772331237793,1.8999099731445312,-0.2006598118870667,-0.50682261208577,-0.28752436647173485,-0.48538011695906436,-0.5214424951267056,0.2621832358674463,-0.3099415204678363,0.6,0.6,0.6,0.6,0.6,0.6,0.6
0,38,-0.4262196123600006,-0.842821478843689,0.6947135718308832,30.86465286032862,0.890789062369939,0.443154665853003,-0.5803814878641047,0.4638427365184383,0.936585785763661,0.7125954603111657,-46.04617357254028,-0.032063573598861694,-0.9590268135070801,-0.2542482386191697,0.29532163742690054,-0.37037037037037035,0.45516569200779733,-0.36257309941520466,0.25243664717348935,-0.3586744639376218,0.6,0.6,0.6,0.6,0.6,0.6,0.6
0,39,-0.45230573415756226,-0.8343104124069214,0.8784912780161156,31.743144138344736,-0.5830389708062256,-0.1962420964382059,-0.5721395968358067,0.6609699653150463,-0.5416540984028857,0.4983453199429464,-42.62196123600006,0.07253438234329224,-7.927829027175903,0.25290656112180177,0.52729044834308,0.2465886939571149,-0.3898635477582846,0.22514619883040932,0.5204678362573099,0.4142300194931774,0.6,0.6,0.6,0.6,0.6,0.6,0.6
0,40,-0.4654971659183502,-0.7724210619926453,0.7607349457623599,32.5038790841071,-0.6413136450511869,0.4643690370581308,-0.5084118461172196,-0.7723116218588684,0.09659393283444873,-0.8363063821275214,-45.230573415756226,-0.018619000911712646,0.8511066436767578,0.11277120713581262,-0.3538011695906432,-0.115009746588694,-0.34405458089668617,0.4142300194931774,-0.31189083820662766,0.3109161793372319,0.6,0.6,0.6,0.6,0.6,0.6,0.6
0,41,-0.4506121575832367,-0.7821060419082642,0.9788690620089431,33.48274814611604,-0.010792250751423094,-0.9456218348477785,0.030292265065387625,-0.6954112668407575,-0.5970387799390873,0.6513955175766417,-46.54971659183502,-0.013530999422073364,6.188935041427612,-0.25370446464036484,-0.3820662768031189,0.29239766081871355,-0.27192982456140347,-0.3576998050682261,0.08187134502923987,-0.4892787524366472,0.6,0.6,0.6,0.6,0.6,0.6,0.6
0,42,-0.45985811948776245,-0.7821930050849915,0.9434369497533437,34.42618509586938,-0.03863104790128302,-0.1012578884643589,-0.4080665066406388,0.37306006593015617,-0.16546757623248531,0.48735328882966167,-45.06121575832367,-0.02181604504585266,-0.9684979915618896,-0.009472845404546761,-0.010721247563352798,-0.5721247563352827,0.03801169590643272,-0.40253411306042886,-0.34113060428849906,0.39376218323586754,0.6,0.6,0.6,0.6,0.6,0.6,0.6
0,43,-0.45746174454689026,-0.7858366370201111,0.9735575753017787,35.399742671171154,0.00043783298416189,-0.8358654577133262,0.003076313047538193,-0.4071535084235356,-0.31931648383830025,0.6685149453039818,-45.985811948776245,0.014095008373260498,-0.008696317672729492,-0.061001230521747295,-0.03411306042884987,-0.08966861598440545,-0.28752436647173485,0.15692007797270957,-0.13157894736842102,0.29044834307992207,0.6,0.6,0.6,0.6,0.6,0.6,0.6
0,44,-0.4484173059463501,-0.7574253082275391,0.7349147903741619,36.134657461545316,0.5045497798978451,-0.02973688873753444,-0.1870537257208087,-0.8172306898371875,-0.384931832515943,-0.2513502785906423,-45.746174454689026,-0.0037334859371185303,-0.3643631935119629,-0.026672976371252984,-0.0009746588693957392,-0.4970760233918129,-0.0009746588693957392,-0.25048732943469787,-0.19883040935672514,0.38693957115009736,0.6,0.6,0.6,0.6,0.6,0.6,0.6
0,45,-0.44709330797195435,-0.7553566694259644,0.6989213185802341,36.83357878012555,0.5396660520431009,0.5849806508876463,-0.31170397735262245,-0.32422484342207314,-0.05806837963142408,-0.36819276502035225,-44.84173059463501,0.023780763149261475,2.841132879257202,-0.24966043970692592,0.29824561403508776,-0.021442495126705707,-0.11111111111111116,-0.49025341130604283,-0.22514619883040932,-0.15107212475633525,0.6,0.6,0.6,0.6,0.6,0.6,0.6
0,46,-0.4517350196838379,-0.7634223103523254,0.8181057988335281,37.65168457895908,-0.11388483370567704,-0.6949349689421898,-0.314646926551877,-0.7772873618828147,0.0701332659529279,-0.02593245921174825,-44.709330797195435,-0.019299238920211792,0.2068638801574707,-0.2833917169476351,0.3157894736842106,0.33820662768031196,-0.20662768031189083,-0.22807017543859653,-0.0536062378167641,-0.21832358674463936,0.6,0.6,0.6,0.6,0.6,0.6,0.6
0,47,-0.4319964051246643,-0.7516818642616272,0.6451054187607111,38.29678999771979,-0.34002904136868906,0.20010765086179005,0.5043716249821413,-0.5218372626779999,-0.8845526755973698,-0.25627419890581593,-45.17350196838379,-0.017014145851135254,-0.8065640926361084,-0.17217110582836345,-0.06822612085769986,-0.42105263157894735,-0.18323586744639375,-0.4649122807017544,0.040935672514619936,-0.033138401559454245,0.6,0.6,0.6,0.6,0.6,0.6,0.6
0,48,-0.459973007440567,-0.7604747414588928,0.7668954309232803,39.06368542864307,-0.8262391955808912,-0.9128609984551195,0.7370038772652632,-0.3201727711308835,0.34414661534808255,-0.3910526690213172,-43.19964051246643,0.0409930944442749,1.1740446090698242,-0.3119354960773629,-0.2056530214424951,0.11403508771929816,0.28752436647173485,-0.33040935672514615,-0.5311890838206628,-0.14814814814814814,0.6,0.6,0.6,0.6,0.6,0.6,0.6
0,49,-0.45308899879455566,-0.8295632004737854,0.8151725808160919,39.87885800945916,-0.6118961291140261,0.13992935031121934,-0.1564005526009724,0.9951701712140495,-0.07032216647922707,0.8958379841497988,-45.9973007440567,-0.0758238136768341,-0.8792877197265625,-0.23774510706202123,-0.5097465886939572,-0.5701754385964912,0.4298245614035088,-0.24269005847953218,0.16959064327485374,-0.2485380116959064,0.6,0.6,0.6,0.6,0.6,0.6,0.6
0,50,-0.4607006311416626,-0.8207224607467651,0.9095401970185483,40.78839820647771,-0.7866421931596053,0.34947909245022113,0.9951927777102563,-0.01789524124585329,-0.18133427423541493,0.663461394068587,-45.308899879455566,0.07017403841018677,-6.908845901489258,0.17744483413738976,-0.38401559454191037,0.06920077972709548,-0.1393762183235867,0.5389863547758285,-0.06920077972709548,0.5204678362573099,0.6,0.6,0.6,0.6,0.6,0.6,0.6
0,51,-0.4654811918735504,-0.8077743649482727,0.9350405366927387,41.72343874317045,-0.8141460846351807,0.13412281248200397,-0.773847518884307,0.6669769567096306,0.4156656200452922,-0.6635844686831915,-46.07006311416626,0.010072439908981323,0.8840739727020264,0.0963832903839637,-0.48050682261208577,0.20175438596491224,0.5857699805068226,-0.031189083820662766,-0.12670565302144254,0.40253411306042874,0.6,0.6,0.6,0.6,0.6,0.6,0.6
0,52,-0.45533302426338196,-0.8270115852355957,0.8511362270440445,42.57457497021449,-0.6378381888519598,0.5892784233785935,-0.260482381857037,0.9995600411132366,-0.1787656076481765,0.6897491458849807,-46.54811918735504,-0.0063516199588775635,1.2948095798492432,-0.07937034306180585,-0.4941520467836257,0.08771929824561409,-0.4405458089668616,0.4093567251461989,0.24951267056530213,-0.4044834307992202,0.6,0.6,0.6,0.6,0.6,0.6,0.6
0,53,-0.4542267918586731,-0.8317209482192993,0.9245785736643053,43.4991535438788,-0.6915813353211544,-0.2005548485927997,0.5340149708293864,0.2662193645816584,0.9812896414073025,-0.14826518037010694,-45.533302426338196,0.0034928321838378906,-1.9237220287322998,0.14537773542794336,-0.3937621832358674,0.35964912280701755,-0.17251461988304095,0.5925925925925926,-0.11890838206627685,0.4035087719298245,0.6,0.6,0.6,0.6,0.6,0.6,0.6
0,54,-0.45161721110343933,-0.7832883596420288,0.7192020270037789,44.21835557088258,-0.9710605201140736,0.9140207487208198,-0.5477492944082794,0.8782628185364072,-0.8187178488961233,-0.8586918210566608,-45.42267918586731,0.00537186861038208,-0.47093629837036133,0.07001178418688991,-0.41520467836257313,-0.12670565302144254,0.3128654970760234,0.14230019493177393,0.5565302144249513,-0.10136452241715399,0.6,0.6,0.6,0.6,0.6,0.6,0.6
0,55,-0.4530019462108612,-0.7853586673736572,0.7330273360096515,44.95138290689223,-0.928337430923132,-0.8767452386174337,0.6111140657608507,0.9474947223181689,-0.4638851527484169,-0.6979117116390265,-45.16172111034393,-0.022933632135391235,4.843258857727051,-0.27087160623792844,-0.5925925925925926,0.5662768031189085,-0.3255360623781677,0.5399610136452242,-0.4736842105263158,-0.5136452241715399,0.6,0.6,0.6,0.6,0.6,0.6,0.6
0,56,-0.46751680970191956,-0.7380737662315369,0.7161082640088996,45.66749117090113,0.1532948109581993,-0.8016528422476379,-0.9670315652241697,-0.27428379240866807,-0.21335964890057402,-0.8031441582016559,-45.30019462108612,-0.029668211936950684,-0.2070307731628418,-0.2594393600063073,-0.5672514619883041,-0.5331384015594542,0.368421052631579,0.5682261208576997,-0.2894736842105263,-0.43957115009746583,0.6,0.6,0.6,0.6,0.6,0.6,0.6
0,57,-0.478375107049942,-0.8069400787353516,0.9330714836148891,46.60056265451602,-0.6667654642940788,0.3968638868021517,-0.4050951430381611,0.5455713790321617,0.01239125481035952,0.8699152588206023,-46.751680970191956,0.016373395919799805,4.728490114212036,-0.30194755130794654,0.09746588693957126,-0.4658869395711501,-0.4220272904483431,-0.03508771929824561,-0.10038986354775825,-0.47758284600389866,0.6,0.6,0.6,0.6,0.6,0.6,0.6
0,58,-0.473201721906662,-0.8377302289009094,0.9012784090449785,47.501841063560995,-0.4539851470116516,0.561349756244202,0.2662000924218688,0.014265200252038479,0.80092472845512,0.5169510746742045,-47.8375107049942,0.017309188842773438,-6.88663125038147,0.10474346543024574,-0.41325536062378165,0.22124756335282658,-0.30311890838206623,0.2651072124756335,-0.031189083820662766,0.5048732943469785,0.6,0.6,0.6,0.6,0.6,0.6,0.6
0,59,-0.4595620334148407,-0.845118522644043,0.7940594611713934,48.29590052473239,0.7912779849197344,-0.09813970583300269,-0.2244122777606381,0.9334362791235811,0.1375030516577287,0.952314465903723,-47.3201721906662,0.013061612844467163,-3.079015016555786,0.12705548138142006,-0.29532163742690054,0.3177387914230019,0.11988304093567259,-0.04775828460038989,0.4278752436647173,0.3021442495126705,0.6,0.6,0.6,0.6,0.6,0.6,0.6
0,60,-0.47789689898490906,-0.7707875967025757,0.7106991715341788,49.00659969626657,-0.8528441042358257,0.00954657611252352,0.22641070709104594,-0.6511513621587426,-0.1762187487506921,-0.804353288563664,-45.95620334148407,0.02698153257369995,-0.7388293743133545,0.20985747620741568,0.47465886939571145,-0.07017543859649122,-0.14912280701754388,0.5224171539961013,0.060428849902534054,0.5614035087719298,0.6,0.6,0.6,0.6,0.6,0.6,0.6
0,61,-0.47510868310928345,-0.8483551740646362,0.9255839333694544,49.93218362963602,0.11757405727537162,0.6783977062363689,-0.29425689052953086,0.631001098968881,0.7593779131179228,0.26225235072238595,-47.789689898490906,-0.012081116437911987,7.4330925941467285,-0.3262342319208786,-0.5155945419103314,0.007797270955165692,0.16276803118908378,-0.36549707602339176,-0.08869395711500971,-0.4834307992202729,0.6,0.6,0.6,0.6,0.6,0.6,0.6
0,62,-0.4877052903175354,-0.8222317099571228,0.9853122854009194,50.917495915036945,-0.31542365664980077,-0.34370831916378153,-0.6299074073612254,0.33312837715171884,0.08258648589387452,-0.4767887628925531,-47.510868310928345,-0.017255544662475586,-7.756757736206055,0.10623050823882273,0.0584795321637428,0.3957115009746588,-0.22027290448343084,0.33333333333333326,0.41325536062378165,0.13742690058479523,0.6,0.6,0.6,0.6,0.6,0.6,0.6
0,63,-0.49317121505737305,-0.8084722757339478,1.0572233798245463,51.974719294861494,-0.7888941914841352,0.1658023112646103,-0.059860452878212955,-0.4634945777603121,-0.6805398588015827,0.4947015384484019,-48.77052903175354,0.0006787478923797607,2.6123464107513428,-0.06991481917169437,-0.18615984405458086,-0.20175438596491224,-0.3538011695906432,0.23196881091617927,0.10233918128654973,-0.2777777777777778,0.6,0.6,0.6,0.6,0.6,0.6,0.6
0,64,-0.47090551257133484,-0.7863919138908386,0.9949111106310751,52.969630405492566,-0.34539503780727565,-0.9743196727764194,-0.5137409588945565,-0.9066759307022818,-0.1493599244549506,0.47249119189637967,-49.317121505737305,-0.0243261456489563,1.3759434223175049,-0.00839459398474705,-0.47953216374269003,0.10818713450292394,-0.006822612085769952,-0.23976608187134507,-0.36744639376218324,0.30799220272904493,0.6,0.6,0.6,0.6,0.6,0.6,0.6
0,65,-0.5033840537071228,-0.8012098670005798,0.9250390515680916,53.89466945706066,-0.6852025322294892,0.702313711824599,0.6369910299088011,-0.20484125872828973,0.01691899897678839,-0.058012437496653524,-47.090551257133484,-0.009487569332122803,2.208036184310913,-0.029253739783721578,-0.21345029239766078,-0.5818713450292398,-0.2826510721247564,-0.4970760233918129,-0.06335282651072127,0.29532163742690054,0.6,0.6,0.6,0.6,0.6,0.6,0.6
0,66,-0.48867812752723694,-0.8156302571296692,0.9219469178970405,54.8166163749577,-0.13973641071833431,-0.03931411160524445,-0.34599775744366346,-0.043453656925353856,-0.8075188620485467,0.9114742039136003,-50.33840537071228,-0.015607476234436035,-1.481795310974121,-0.16037844035336962,-0.41617933723196876,0.31384015594541914,0.331384015594542,-0.19883040935672514,-0.02729044834307992,-0.04873294346978563,0.6,0.6,0.6,0.6,0.6,0.6,0.6
0,67,-0.4841644763946533,-0.8101937770843506,0.9821314126899776,55.79874778764768,-0.5421663560394052,0.8373485750367662,0.4488608148863238,-0.1976096280728188,-0.7347900742182161,0.9976255253030621,-48.867812752723694,0.04545971751213074,-1.4420390129089355,0.13511920467325922,-0.08869395711500971,-0.0029239766081871066,-0.15886939571150094,-0.0009746588693957392,-0.4619883040935673,0.5594541910331383,0.6,0.6,0.6,0.6,0.6,0.6,0.6
0,68,-0.49395570158958435,-0.8024783134460449,1.012862488815555,56.811610276463234,0.7543847732417241,0.47623161880117904,0.1087638836478737,0.3500450700468303,-0.7176025873715679,0.5039884730495618,-48.41644763946533,-0.029390305280685425,0.5436480045318604,0.06643989738933713,-0.3313840155945419,0.49902534113060426,0.24171539961013644,-0.12670565302144254,-0.45126705653021437,0.5955165692007798,0.6,0.6,0.6,0.6,0.6,0.6,0.6
0,69,-0.5061389207839966,-0.8110044002532959,0.9874121167491942,57.799022393212425,-0.5899567830166257,-0.1179593846244742,-0.24634389758058206,0.6675337953064,0.46927105651181633,-0.4535812903586103,-49.395570158958435,0.013083219528198242,0.7715463638305664,-0.05425850085478222,0.4522417153996101,0.27387914230019494,0.060428849902534054,0.19883040935672525,-0.45029239766081874,0.30799220272904493,0.6,0.6,0.6,0.6,0.6,0.6,0.6
0,70,-0.49592405557632446,-0.8222891688346863,1.0025788630471775,58.8016012562596,0.003373320385723355,0.3580798618630534,-0.7688175116143798,0.7076098550580063,-0.6613869526126053,0.4606525070802723,-50.61389207839966,0.010006874799728394,-0.8526086807250977,-0.10343334736944457,-0.3635477582846004,-0.08089668615984402,-0.1578947368421053,0.38596491228070184,0.2563352826510721,-0.2855750487329435,0.6,0.6,0.6,0.6,0.6,0.6,0.6
0,71,-0.5028140544891357,-0.8284640908241272,1.0447864704670433,59.84638772672665,-0.19775360894951444,-0.2042023522115768,0.18746848447078857,0.9886862905503648,0.3010952358554686,-0.2010795200435056,-49.592405557632446,-0.01271665096282959,-1.128476858139038,0.0683263439818731,-0.00877192982456143,0.2134502923976609,-0.4619883040935673,0.42884990253411304,-0.3927875243664717,0.2807017543859649,0.6,0.6,0.6,0.6,0.6,0.6,0.6
0,72,-0.5030695199966431,-0.8227521181106567,0.9837323325547043,60.83012005928135,-0.36982234874009356,0.8797684806580894,-0.2644133529277064,0.08450402675921143,0.32508008935021704,-0.6942208285137619,-50.281405448913574,0.05789026618003845,-0.6174921989440918,-0.03951260012730605,-0.1286549707602339,-0.14522417153996103,0.06140350877192979,0.5555555555555556,0.1257309941520468,-0.1364522417153996,0.6,0.6,0.6,0.6,0.6,0.6,0.6
0,73,-0.4646252691745758,-0.8338282108306885,0.8004676300608843,61.630587689342235,-0.5080745610635087,0.11782390493668271,-0.5185937362196005,-0.778837000827459,0.964540535937477,0.5337891854208852,-50.30695199966431,-0.03231912851333618,0.5711972713470459,-0.10106780142839682,-0.23099415204678364,0.5243664717348928,-0.15886939571150094,0.050682261208577106,0.1929824561403508,-0.42105263157894735,0.6,0.6,0.6,0.6,0.6,0.6,0.6
0,74,-0.4947229027748108,-0.8385263681411743,0.9384703485249578,62.569058037867194,-0.7654891246533762,0.4291320750204195,0.8502172366272729,0.07876490069512099,0.7534757018221165,-0.7788287809473007,-46.46252691745758,-0.010960549116134644,-1.1076092720031738,0.2124161828693409,-0.3079922027290448,0.06920077972709548,-0.29044834307992207,-0.4551656920077972,0.5838206627680311,0.32163742690058483,0.6,0.6,0.6,0.6,0.6,0.6,0.6
0,75,-0.48650893568992615,-0.8544183969497681,0.8661191096225577,63.43517714748975,-0.44922742777239755,-0.8955881103988161,0.59041757377331,-0.21747559761872148,0.28040468171368205,0.5335838639497696,-49.47229027748108,0.020451098680496216,-0.469815731048584,-0.13012339339669945,-0.4727095516569201,0.2465886939571149,0.48732943469785583,0.0009746588693957392,0.432748538011696,-0.4892787524366472,0.6,0.6,0.6,0.6,0.6,0.6,0.6
0,76,-0.5121407508850098,-0.8094261884689331,0.95332797266825,64.388505120158,-0.8945207132573605,0.1718852278574563,0.16005672363146783,-0.12392995127621553,-0.9317548657182488,-0.15939853273806714,-48.650893568992615,-0.0010445713996887207,-1.589202880859375,0.18685257088650328,-0.28167641325536064,-0.5448343079922027,0.3762183235867447,-0.12378167641325533,0.16764132553606248,0.31676413255360614,0.6,0.6,0.6,0.6,0.6,0.6,0.6
0,77,-0.5155289173126221,-0.805991530418396,0.8851979388614213,65.27370305901943,-0.09943201274542601,-0.4272635101886648,0.1035165225504584,-0.03922750646744655,0.5496351754479476,-0.877336444851045,-51.21407508850098,-0.03770515322685242,4.499220848083496,-0.1494732630606467,-0.5409356725146199,0.1120857699805069,0.12962962962962954,-0.04775828460038989,-0.530214424951267,-0.08382066276803124,0.6,0.6,0.6,0.6,0.6,0.6,0.6
0,78,-0.48944100737571716,-0.8594244718551636,0.8838499008099174,66.15755295982935,-0.8201569177957282,-0.12226039224104546,-0.16439016390930195,0.36195398294342396,0.9127495430622241,0.34987353306132785,-51.55289173126221,-0.019372254610061646,0.34346580505371094,-0.22443223851319247,-0.06627680311890838,-0.2563352826510721,0.0721247563352827,-0.03411306042884987,0.3294346978557505,-0.5458089668615984,0.6,0.6,0.6,0.6,0.6,0.6,0.6
0,79,-0.5079089403152466,-0.8048254251480103,1.0116751009800655,67.16922806080942,0.5899171899550331,-0.04690574681295856,-0.4278270494751626,-0.7814895717449797,-0.712229677700676,0.32279776770270563,-48.944100737571716,0.07001236081123352,-5.343294143676758,0.17466147573841007,-0.5048732943469786,-0.08576998050682261,-0.11208576998050679,0.18128654970760238,0.5116959064327486,0.19395711500974655,0.6,0.6,0.6,0.6,0.6,0.6,0.6
0,80,-0.5061297416687012,-0.7859476208686829,0.8376069562721284,68.00683501708154,-0.31194762203905957,0.21609689582193337,-0.7412992663321449,0.4534338735787755,-0.7175619465440846,-0.24344116293411022,-50.79089403152466,-0.007627159357070923,5.459904670715332,-0.08267764716130112,0.36257309941520477,-0.015594541910331383,-0.2241715399610137,-0.4113060428849903,-0.3693957115009746,0.20467836257309946,0.6,0.6,0.6,0.6,0.6,0.6,0.6
0,81,-0.5150708556175232,-0.8176103830337524,1.0999979441670753,69.10683296124861,0.7482711228998888,-0.2579737760849228,-0.9192561916557684,0.7786329245696553,-0.36958426810455713,0.5129588615926457,-50.61297416687012,-0.08032172918319702,1.8877804279327393,-0.2532203599004987,-0.18908382066276808,0.11695906432748537,-0.4571150097465887,0.2563352826510721,-0.44249512670565305,-0.1442495126705653,0.6,0.6,0.6,0.6,0.6,0.6,0.6
0,82,-0.5107354521751404,-0.8459678292274475,0.8637108844648999,69.97054384571351,0.6264106480397749,-0.026186995607905272,-0.030988109622851034,0.3325416919897761,0.28397295554560387,0.9180917378454694,-51.50708556175232,0.055064260959625244,-3.166276216506958,0.008705612442020715,0.4483430799220274,-0.16959064327485385,-0.5740740740740741,0.4493177387914229,-0.23976608187134507,0.3070175438596492,0.6,0.6,0.6,0.6,0.6,0.6,0.6
0,83,-0.5023680329322815,-0.862228274345398,0.9290841832718282,70.89962802898533,-0.4064577968554741,0.541043284095281,0.3136222656032539,0.7925297613247113,0.27438453313063893,0.27788976103949237,-51.07354521751404,0.018358230590820312,-2.835744619369507,0.2362748610637439,0.3771929824561404,-0.02729044834307992,-0.041910331384015564,0.17056530214424948,0.13547758284600397,0.5360623781676412,0.6,0.6,0.6,0.6,0.6,0.6,0.6
0,84,-0.5055208802223206,-0.8510045409202576,1.0545495511001863,71.95417758008551,0.13884780371967342,-0.6566352362190222,0.2665871497677037,-0.24999736445657295,0.6472252491299153,-0.5843327719131719,-50.23680329322815,-0.02570897340774536,-1.626044511795044,0.15434083898731754,-0.2514619883040936,0.31189083820662766,0.15009746588693962,0.4337231968810915,0.1335282651072125,0.15594541910331383,0.6,0.6,0.6,0.6,0.6,0.6,0.6
0,85,-0.5139024257659912,-0.8401050567626953,1.0422915836895592,72.99646916377507,-0.6240116703571441,0.20857194343195173,-0.4730911308135286,0.04941329381434745,0.5304607110846089,-0.9225411141868347,-50.552088022232056,0.026056915521621704,1.122373342514038,0.03507492010318947,0.0721247563352827,-0.398635477582846,0.18226120857699812,-0.12378167641325533,0.40253411306042874,-0.3528265107212476,0.6,0.6,0.6,0.6,0.6,0.6,0.6
0,86,-0.5295283198356628,-0.8000909686088562,1.08255304608594,74.07902220986101,0.5709567704312599,-0.40328977345525097,-0.07226507795939163,-0.5601973208802578,-0.9346773487282829,0.2737008629042663,-51.39024257659912,-0.027561187744140625,1.0899484157562256,-0.0640531363242131,-0.3801169590643275,0.13060428849902528,-0.2563352826510721,0.04385964912280693,0.35185185185185186,-0.5487329434697856,0.6,0.6,0.6,0.6,0.6,0.6,0.6
0,87,-0.5364025235176086,-0.7897747159004211,0.9653039517433235,75.04432616160433,0.5486531389664497,-0.6867413262036519,0.3753251225284846,-0.08288123144489012,0.7948187352294762,-0.7553776580163933,-52.952831983566284,0.010963529348373413,4.001408815383911,-0.05591467002835581,0.3547758284600391,-0.21734892787524362,-0.014619883040935644,-0.27192982456140347,-0.4473684210526315,0.17836257309941517,0.6,0.6,0.6,0.6,0.6,0.6,0.6
0,88,-0.5462818145751953,-0.7977923154830933,1.0935116396495175,76.13783780125385,-0.8637310310506743,0.5877084134304438,-0.0223618944635966,0.52811594756929,-0.13626958525463406,-0.06649393017693739,-53.640252351760864,-0.037056952714920044,1.0316252708435059,-0.18769778862111286,0.3235867446393763,-0.42592592592592593,0.20175438596491224,-0.08382066276803124,0.432748538011696,-0.47758284600389866,0.6,0.6,0.6,0.6,0.6,0.6,0.6
0,89,-0.5393256545066833,-0.7878650426864624,0.9535746138193937,77.09141241507325,0.9924110953952425,0.18288335538557887,0.5917077312673675,-0.28555109799318745,0.4424538202827877,-0.9090100389968734,-54.62818145751953,0.02339109778404236,-0.8017599582672119,-0.08082005362956438,-0.5321637426900585,0.3391812865497077,-0.03898635477582846,0.28167641325536064,-0.1042884990253411,-0.04775828460038989,0.6,0.6,0.6,0.6,0.6,0.6,0.6
0,90,-0.5392959117889404,-0.7935472130775452,1.0059884179172447,78.0974008329905,0.4136827435987087,-0.062125418237668484,-0.8264782397525454,0.8961619195201072,-0.3730635276284624,-0.5318435949581204,-53.932565450668335,0.03266334533691406,0.9927272796630859,-0.2056835486809929,0.6062378167641325,0.10038986354775825,0.3401559454191032,-0.1793372319688109,0.2592592592592593,-0.5477582846003899,0.6,0.6,0.6,0.6,0.6,0.6,0.6
0,91,-0.5362075567245483,-0.7885061502456665,1.069648309047488,79.167049142038,-0.5744863768582726,-0.485750713288019,-0.5313789802726778,-0.8631344230828555,0.5249563643289485,-0.4503300611807086,-53.92959117889404,-0.048074871301651,-0.5682170391082764,-0.1532058552759845,0.25243664717348935,-0.0399610136452242,-0.4941520467836257,0.5448343079922027,-0.23099415204678364,-0.3284600389863548,0.6,0.6,0.6,0.6,0.6,0.6,0.6
0,92,-0.5416201949119568,-0.7718666791915894,0.9756406086583576,80.14268975069635,-0.8190316190622167,-0.5546004421471571,-0.9255006828427914,-0.3051494452576813,-0.014891696556560197,-0.5817367991569344,-53.620755672454834,-0.013571232557296753,0.5041062831878662,-0.08293776509208202,-0.34405458089668617,-0.27387914230019494,-0.29239766081871343,-0.42884990253411304,0.33820662768031196,-0.2729044834307992,0.6,0.6,0.6,0.6,0.6,0.6,0.6
0,93,-0.5316802859306335,-0.7757600545883179,1.0704991396202086,81.21318889031656,0.7457117156034099,0.9939302527814542,-0.9189570133918139,-0.1335604771187342,-0.829219428836858,0.4374534565747521,-54.16201949119568,0.04979074001312256,1.6639471054077148,-0.18856072459948936,-0.49317738791423005,-0.32456140350877194,-0.5175438596491229,-0.15984405458089668,0.022417153996101336,-0.3372319688109162,0.6,0.6,0.6,0.6,0.6,0.6,0.6
0,94,-0.5542327761650085,-0.7945215106010437,1.065658576461969,82.27884746677853,-0.29645430136388584,-0.6418511791405248,0.3577183614690389,0.028756560907771345,0.6071006956668947,-0.46600402216910375,-53.168028593063354,-0.04951357841491699,-0.38933753967285156,-0.07249161761564883,0.4580896686159843,0.6208576998050683,-0.564327485380117,-0.08869395711500971,-0.4970760233918129,0.2641325536062378,0.6,0.6,0.6,0.6,0.6,0.6,0.6
0,95,-0.5339862704277039,-0.8263959288597107,1.1380314064114398,83.41687887318997,-0.6006745387272119,0.3808773330730977,0.8658630419138524,0.9307574188358021,-0.03005150664715961,-0.13715312536453794,-55.423277616500854,0.0340387225151062,-1.876145601272583,-0.12622644038827927,-0.1793372319688109,-0.40253411306042886,0.18518518518518512,-0.01754385964912286,0.33820662768031196,-0.30116959064327486,0.6,0.6,0.6,0.6,0.6,0.6,0.6
0,96,-0.559486448764801,-0.7966310977935791,1.1418665379675093,84.55874541115749,-0.9876629828633556,-0.5974884713048569,0.7189293090408158,-0.8543908101146795,-0.6151587814035071,-0.10085270717666805,-53.398627042770386,0.017683207988739014,-3.187441825866699,0.009833195131161352,-0.3693957115009746,0.21442495126705663,0.49317738791423005,0.5126705653021442,-0.0536062378167641,-0.1042884990253411,0.6,0.6,0.6,0.6,0.6,0.6,0.6
0,97,-0.5490171909332275,-0.7523464560508728,0.9212437102804487,85.47998912143794,0.37817591425592023,0.2894019119455138,-0.7128742252198697,-0.9889485330461023,-0.3129392147742407,-0.46015555395485075,-55.9486448764801,-0.03558546304702759,2.976483106613159,-0.061809924556376454,-0.5906432748538012,-0.33820662768031184,0.49122807017543857,-0.18518518518518523,-0.3206627680311891,-0.05653021442495132,0.6,0.6,0.6,0.6,0.6,0.6,0.6
0,98,-0.5607537031173706,-0.828704297542572,1.0558031877942664,86.5357923092322,0.7005583887028823,0.768895300232437,0.6467259971014208,0.9561666289053945,0.7408815268816227,-0.9609116959359576,-54.901719093322754,0.026557594537734985,4.42846417427063,-0.2590875390300882,0.23196881091617927,0.18615984405458086,-0.384990253411306,-0.5487329434697856,-0.1686159844054581,-0.2621832358674464,0.6,0.6,0.6,0.6,0.6,0.6,0.6
0,99,-0.5945284366607666,-0.803780198097229,1.2572065044056804,87.7929988136379,0.9192093528548189,0.055588632451377906,-0.8608106014059744,0.49615267418899367,-0.7557418952534227,-0.1244228687220088,-56.07537031173706,-0.012166798114776611,-7.635784149169922,-0.15074078448756376,0.4083820662768032,0.4230019493177388,0.3372319688109162,0.08674463937621835,0.3927875243664718,-0.601364522417154,0.6,0.6,0.6,0.6,0.6,0.6,0.6
0,100,-0.5987940430641174,-0.7855058312416077,1.117372350377382,88.91037116401527,-0.17134414188917746,-0.7087712910935031,-0.7038434290054909,0.1190307263494188,-0.07862259513651049,-0.706570245691452,-59.45284366607666,0.01064985990524292,2.4924099445343018,-0.029207718385314586,0.560428849902534,0.07699805068226118,-0.4005847953216374,0.3547758284600391,-0.3879142300194932,-0.06432748538011701,0.6,0.6,0.6,0.6,0.6,0.6,0.6
0,101,-0.5903815031051636,-0.7911914587020874,1.267394355704516,90.17776551971978,0.7324283588567679,-0.19420002941604242,0.3550860914092977,-0.8524633896237535,-0.0004684506746048811,0.4884813014006899,-59.87940430641174,-0.0261552631855011,1.8274366855621338,-0.1796172975069131,-0.10818713450292394,-0.43664717348927873,-0.42105263157894735,0.09454191033138404,-0.040935672514619936,-0.4220272904483431,0.6,0.6,0.6,0.6,0.6,0.6,0.6
0,102,-0.5875812768936157,-0.8084173202514648,1.1604529725012953,91.33821849222107,-0.6702576787956274,0.8574938391952052,0.11541347635727273,0.8390537836832455,-0.4704351212080673,0.8127524335247567,-59.03815031051636,-0.0119037926197052,-0.5685627460479736,-0.008846209461935612,0.4463937621832359,-0.11695906432748537,0.2085769980506822,-0.5263157894736843,-0.013645224171540016,0.28460038986354785,0.6,0.6,0.6,0.6,0.6,0.6,0.6
0,103,-0.5769892334938049,-0.8185549974441528,0.9543646720113378,92.29258316423241,0.28176716429275017,0.337982955576412,0.05787818907185405,-0.3228588690787877,0.5210552038025984,0.8997263763142613,-58.75812768936157,-0.007338076829910278,-1.7225861549377441,0.10897722265102945,-0.41812865497076024,0.48245614035087714,0.034113060428849984,0.3391812865497077,-0.32163742690058483,0.48050682261208566,0.6,0.6,0.6,0.6,0.6,0.6,0.6
0,104,-0.6121818423271179,-0.7936294078826904,1.2936774777871112,93.58626064201952,0.2925710107002406,-0.7435116240153241,0.14990811334742982,-0.01474751716941003,0.0658364543461103,-0.5046084863795788,-57.69892334938049,0.013202428817749023,-1.0137677192687988,0.28973180648162816,0.16471734892787526,0.2056530214424952,0.034113060428849984,-0.1978557504873294,0.30019493177387924,0.5311890838206628,0.6,0.6,0.6,0.6,0.6,0.6,0.6
0,105,-0.5761478543281555,-0.828603982925415,0.9947461691048203,94.58100681112434,0.5296465670282975,-0.5458857138405948,0.7005552077354054,0.16750696379822294,0.689867619138248,0.5937551028860477,-61.21818423271179,-0.02603679895401001,2.4925589561462402,-0.03724561328884148,0.18323586744639386,-0.4385964912280702,0.10526315789473695,0.00877192982456143,0.060428849902534054,-0.2962962962962963,0.6,0.6,0.6,0.6,0.6,0.6,0.6
0,106,-0.5825657248497009,-0.8156780004501343,1.052015006321445,95.63302181744578,0.7097258664676613,0.16138823138941638,-0.8941224534746073,-0.23036667118386855,-0.3505022789424579,0.9492881810856988,-57.61478543281555,0.04100725054740906,-3.497457504272461,0.24736653873028602,0.3070175438596492,-0.35672514619883045,0.3898635477582846,0.0721247563352827,0.3762183235867447,0.34307992202729043,0.6,0.6,0.6,0.6,0.6,0.6,0.6
0,107,-0.5961046814918518,-0.8262485861778259,1.2514971493443268,96.88451896679011,-0.32894240007552056,-0.21201200473541792,-0.24114465840326083,0.29869117445395,0.8724212455801827,-0.10821852971303025,-58.25657248497009,0.002767890691757202,1.2925982475280762,0.20533551092262187,0.432748538011696,0.10428849902534121,-0.5185185185185186,-0.12183235867446396,-0.19298245614035092,0.5799220272904484,0.6,0.6,0.6,0.6,0.6,0.6,0.6
0,108,-0.6005061864852905,-0.824736475944519,1.2835741088898291,98.16809307567993,-0.131383630901577,-0.004594175980129345,0.30783397402623414,0.5208272287506683,-0.22354826347986512,-0.11430523301814732,-59.61046814918518,0.018399953842163086,-1.057058572769165,0.03881181804549369,-0.2056530214424951,-0.13742690058479534,-0.1793372319688109,0.13157894736842102,0.4834307992202729,-0.08479532163742687,0.6,0.6,0.6,0.6,0.6,0.6,0.6
0,109,-0.5762075781822205,-0.8373822569847107,1.1163612086514767,99.28445428433142,0.7540860696985832,0.07880590947682298,0.878163807257692,0.4947547430421799,-0.5826816567436577,0.7320299049464005,-60.05061864852905,0.020728260278701782,0.15121102333068848,-0.017692158363626396,-0.08479532163742687,-0.0009746588693957392,0.17446393762183243,0.30019493177387924,-0.14035087719298245,-0.07309941520467833,0.6,0.6,0.6,0.6,0.6,0.6,0.6
0,110,-0.5621203184127808,-0.8550000786781311,0.9882465580552697,100.27270084238668,0.1693596623988607,-0.7882066758387221,0.8957204035034969,0.9668458893146361,0.23592139568774928,0.45044244397242195,-57.621437311172485,-0.028462707996368408,-1.2643396854400635,0.12590818268953982,0.4571150097465886,0.03898635477582846,0.50682261208577,0.2777777777777777,-0.368421052631579,0.4278752436647173,0.6,0.6,0.6,0.6,0.6,0.6,0.6
0,111,-0.5493271350860596,-0.8593183159828186,0.8437657256700635,101.11646656805675,0.9981679202192266,-0.015845458789655487,-0.25055250844970445,0.9944571420622883,0.38273692752567334,0.7598100014981395,-56.212031841278076,0.015364587306976318,-1.7620205879211426,0.2213999533265765,0.08869395711500982,-0.49902534113060426,0.5126705653021442,0.5389863547758285,0.10331384015594547,0.2621832358674463,0.6,0.6,0.6,0.6,0.6,0.6,0.6
0,112,-0.5775958895683289,-0.8438071012496948,1.122692270287652,102.23915883834441,-0.13701315372204448,-0.5595790420294648,0.28842737252933714,-0.6931453205772031,0.8450328759441683,-0.36979153673881493,-54.93271350860596,-0.011276453733444214,-0.43182373046875,0.33724792179617585,0.5994152046783625,-0.01949317738791423,-0.15399610136452246,0.5964912280701755,0.22124756335282658,0.44249512670565294,0.6,0.6,0.6,0.6,0.6,0.6,0.6
0,113,-0.6010400652885437,-0.7995145916938782,1.2388111796641372,103.47797001800855,0.4695984710696042,-0.05377862374286213,-0.6273436262353844,-0.8503375519154364,-0.0928924872242689,-0.0006457752745963052,-57.759588956832886,0.023503601551055908,1.551121473312378,0.1228371492176412,-0.0721247563352827,-0.32163742690058483,0.20272904483430798,-0.34600389863547754,0.5438596491228069,-0.20955165692007793,0.6,0.6,0.6,0.6,0.6,0.6,0.6
0,114,-0.6000767350196838,-0.7956697940826416,1.1967407725501062,104.67471079055865,0.08864014391363706,0.52500541253537,-0.8819912927579727,0.4557082482313355,-0.6973456748990401,0.1005228412222845,-60.10400652885437,0.005494803190231323,4.429250955581665,-0.06379236691340143,0.28460038986354785,-0.025341130604288553,-0.3538011695906432,-0.47953216374269003,-0.0292397660818714,0.003898635477582957,0.6,0.6,0.6,0.6,0.6,0.6,0.6
0,115,-0.5964828133583069,-0.8210919499397278,1.224505376835754,105.8992161673944,0.28227741195459277,0.5234614302107601,-0.9060873400409302,0.81755479501386,-0.39257896298414874,0.7534766777337076,-60.007673501968384,-0.04122927784919739,0.3844797611236572,-0.10345108340110269,0.04775828460038989,0.2992202729044835,-0.5477582846003899,0.2592592592592593,-0.42592592592592593,0.059454191033138315,0.6,0.6,0.6,0.6,0.6,0.6,0.6
0,116,-0.608116626739502,-0.8352581262588501,1.2020804707290758,107.10129663812347,-0.5287164145633179,-0.1380367286581563,0.9642205637201904,0.012618969732552276,0.590383208590799,-0.6925406880389642,-59.64828133583069,-0.026298314332962036,-2.542215585708618,0.06674020163295151,0.15399610136452235,0.29824561403508776,-0.5779727095516569,0.4434697855750487,-0.2826510721247564,0.43957115009746595,0.6,0.6,0.6,0.6,0.6,0.6,0.6
0,117,-0.6229775547981262,-0.8116308450698853,1.3544988286521928,108.45579546677567,-0.06321466273072174,-0.24511316263522653,-0.10641119650287267,-0.4449953581597106,-0.5056156283800248,0.23491448252791192,-60.811662673950195,0.05426779389381409,-1.4166176319122314,-0.11841836955598586,-0.334307992202729,-0.10916179337231968,0.5243664717348928,-0.0292397660818714,0.31384015594541914,-0.43957115009746583,0.6,0.6,0.6,0.6,0.6,0.6,0.6
0,118,-0.6057385802268982,-0.8122106790542603,1.2023815687110493,109.65817703548672,-0.08380226457963547,-0.33747775854731143,-0.21233670836723517,-0.5265911298250618,-0.7155633557316845,0.8681310202397556,-62.29775547981262,-0.04579722881317139,2.3627281188964844,0.004627009601966215,-0.03898635477582846,-0.14522417153996103,-0.04385964912280704,-0.24658869395711502,-0.27875243664717353,0.1549707602339181,0.6,0.6,0.6,0.6,0.6,0.6,0.6
0,119,-0.6008603572845459,-0.8446772694587708,1.2746039761676697,110.93278101165438,0.10470491552387373,-0.7773884657347041,0.5013783830030576,0.6289530714149258,0.7738489168348017,-0.43301380695534486,-60.57385802268982,0.006650388240814209,-0.0579833984375,0.11206828608091668,-0.040935672514619936,-0.18323586744639375,-0.0828460038986355,-0.2758284600389863,-0.40740740740740744,0.5224171539961013,0.6,0.6,0.6,0.6,0.6,0.6,0.6
0,120,-0.6001476645469666,-0.8428823351860046,1.246490935170293,112.17927194682468,0.28212735801996525,0.32406483132888786,-0.1538129478147261,-0.39866793268919043,0.8795961465811348,-0.5352600003016081,-60.08603572845459,0.02259090542793274,-3.24665904045105,0.02754923187385177,0.04873294346978563,-0.49025341130604283,0.27192982456140347,0.34113060428849895,0.42884990253411304,-0.283625730994152,0.6,0.6,0.6,0.6,0.6,0.6,0.6
0,121,-0.6145427227020264,-0.8128016591072083,1.1319535686310416,113.31122551545573,0.6865722251966748,0.1998560683397652,-0.42685467131692034,0.4594987603015803,-0.6721407216538018,-0.8143610270633495,-60.014766454696655,0.013821572065353394,0.17949342727661133,0.05387829434556658,0.1549707602339181,0.18518518518518512,-0.0935672514619883,-0.24366471734892792,0.5380116959064327,-0.3265107212475633,0.6,0.6,0.6,0.6,0.6,0.6,0.6
0,122,-0.5991641283035278,-0.8453162908554077,1.0957296828780958,114.40695519833383,0.5444311055160145,-0.9111823974533371,0.4688078878872446,-0.6573116693882417,0.6573902594846259,0.5756410148240885,-61.45427227020264,-0.006083399057388306,3.0080676078796387,-0.20507222966531533,0.40545808966861596,0.12962962962962954,-0.2563352826510721,0.29239766081871355,-0.3820662768031189,-0.48245614035087714,0.6,0.6,0.6,0.6,0.6,0.6,0.6
0,123,-0.6209529042243958,-0.8155738711357117,1.3313015088139564,115.73825670714778,0.3940004623856386,-0.1278835399049223,-0.5628323611244055,-0.5091610035625018,-0.4123318045602069,0.2802177362714666,-59.91641283035278,-0.012724101543426514,-3.2514631748199463,0.202182819740329,0.33528265107212474,-0.5565302144249513,0.2884990253411306,-0.39766081871345027,0.39181286549707606,0.3391812865497077,0.6,0.6,0.6,0.6,0.6,0.6,0.6
0,124,-0.6211695671081543,-0.7859243750572205,1.2387231208598952,116.97697982800769,0.7038433593291935,-0.14307686769674488,-0.5789055522973343,-0.6996382224743332,-0.49417659646314727,-0.12072775950194248,-62.095290422439575,-0.013971328735351562,2.9742419719696045,0.022476974672765316,0.2465886939571149,-0.06530214424951264,-0.3050682261208577,-0.28167641325536064,-0.21539961013645226,0.18615984405458086,0.6,0.6,0.6,0.6,0.6,0.6,0.6
0,125,-0.6170991063117981,-0.7935621738433838,1.2576349693435265,118.23461479735121,-0.6758634764810934,-0.8726283835907478,0.6525516150630244,0.9947697579770343,-0.701918152307691,0.0013954461151635122,-62.11695671081543,0.000657886266708374,2.964949607849121,-0.11562630395279712,0.4259259259259258,-0.07017543859649122,-0.30409356725146197,-0.3508771929824561,-0.24951267056530213,-0.05555555555555558,0.6,0.6,0.6,0.6,0.6,0.6,0.6
0,126,-0.6166748404502869,-0.7948324680328369,1.2464627781228272,119.48107757547405,-0.45743878018053064,0.2641475847274031,0.8529751994381642,0.8642153206845515,-0.7266482421298535,-0.10216694352701539,-61.70991063117981,-0.044179707765579224,-0.763779878616333,-0.08603964185189265,-0.4249512670565302,-0.543859649122807,0.36549707602339176,0.5623781676413255,-0.44249512670565305,-0.014619883040935644,0.6,0.6,0.6,0.6,0.6,0.6,0.6
0,127,-0.6426786184310913,-0.7973031997680664,1.3725359574192646,120.8536135328933,-0.22891680672945425,0.37079361746422324,-0.9989021503653859,0.13741621016084915,-0.38054142945894154,0.11069944364256923,-61.66748404502869,0.04032328724861145,-0.1270294189453125,-0.09610543116687482,-0.297270955165692,0.1471734892787524,0.48538011695906436,0.49902534113060426,-0.4571150097465887,-0.0721247563352827,0.6,0.6,0.6,0.6,0.6,0.6,0.6
0,128,-0.6211429238319397,-0.7486025094985962,1.0642321247262179,121.91784565761952,-0.5139504498509424,0.7655690549711509,0.6924312894744564,-0.08484014997997069,-0.7607680468519065,-0.5775421218624663,-64.26786184310913,0.026948004961013794,-0.24707317352294922,0.040060624032002244,-0.14035087719298245,0.24366471734892792,-0.5038986354775828,0.13060428849902528,-0.2115009746588694,0.0721247563352827,0.6,0.6,0.6,0.6,0.6,0.6,0.6
0,129,-0.6240362524986267,-0.7480803728103638,1.0697157035588556,122.98756136117838,-0.155699811817418,-0.014395960229435456,0.17367903866818568,-0.01691052036944707,-0.9798819077111927,-0.5108693714287902,-62.11429238319397,-0.06326436996459961,4.8700690269470215,-0.290047074117933,-0.32261208576998046,0.45614035087719307,0.40740740740740744,-0.05750487329434695,-0.46881091617933723,-0.3469785575048733,0.6,0.6,0.6,0.6,0.6,0.6,0.6
0,130,-0.6447916626930237,-0.7966477274894714,1.2987537494812025,124.28631511065959,0.6353284391911205,0.21893755958530647,0.6153404862512737,-0.3810500414564464,0.9723179488287603,-0.6707794405464527,-62.40362524986267,-0.007031112909317017,0.05221366882324219,-0.2922170829174742,-0.09551656920077978,-0.0029239766081871066,0.13157894736842102,0.0,-0.5994152046783625,-0.3284600389863548,0.6,0.6,0.6,0.6,0.6,0.6,0.6
0,131,-0.6341681480407715,-0.8273637294769287,1.3013032427080353,125.58761835336762,-0.9593716337674743,-0.7592020448129222,0.6424206699031925,-0.44748566967664827,0.9665260732810335,-0.14597850444861993,-64.47916626930237,0.06718933582305908,-4.856735467910767,-0.11973579794411522,0.3762183235867447,0.11403508771929816,0.3469785575048734,-0.2680311890838206,0.46881091617933723,-0.4249512670565302,0.6,0.6,0.6,0.6,0.6,0.6,0.6
0,132,-0.6421360373497009,-0.8001427054405212,1.2522933540785937,126.8399117074462,-0.983396796225559,0.975011541084805,-0.35586695691683445,0.9608943219034565,-0.6135967418072268,-0.7544161858525547,-63.41681480407715,-0.002016127109527588,-3.0716001987457275,0.0878715843022966,-0.5857699805068226,-0.45808966861598444,0.3879142300194931,-0.2699805068226121,0.5682261208576997,-0.10721247563352831,0.6,0.6,0.6,0.6,0.6,0.6,0.6
0,133,-0.6462167501449585,-0.8031547665596008,1.2561454974316466,128.09605720487787,-0.15467820514054686,0.3686822967259007,-0.2658314203041281,0.643103817666558,0.2912325670489859,-0.9560458607067921,-64.21360373497009,0.016918033361434937,2.722102403640747,-0.15879506583802794,-0.6042884990253412,0.5838206627680311,-0.22807017543859653,0.5730994152046784,-0.37231968810916183,-0.4473684210526315,0.6,0.6,0.6,0.6,0.6,0.6,0.6
0,134,-0.6523882746696472,-0.8208670616149902,1.3331916873915874,129.42924889226944,0.4134172171968509,-0.18799727847418257,0.24325359371450261,0.08685456077469378,-0.1405716022095318,0.31321825876957265,-64.62167501449585,0.014502555131912231,-0.301206111907959,-0.16633602045282933,-0.10233918128654973,0.22612085769980506,-0.16666666666666663,0.3849902534113061,0.17056530214424948,-0.5916179337231968,0.6,0.6,0.6,0.6,0.6,0.6,0.6
0,135,-0.6324424147605896,-0.8003918528556824,1.2030837934709195,130.63233268574035,-0.8904461098554504,-0.11663758320422102,-0.7640032295535817,-0.7163048353836667,0.15770501955403682,0.7984044889033224,-65.23882746696472,-0.005304068326950073,-1.7712295055389404,0.10674267816310008,0.24171539961013644,-0.11695906432748537,0.15009746588693962,0.06140350877192979,-0.09551656920077978,0.17836257309941517,0.6,0.6,0.6,0.6,0.6,0.6,0.6
0,136,-0.624454140663147,-0.7568854689598083,1.0106604403751667,131.64299312611553,-0.32796920724524936,0.8468159453909043,0.7572285094401254,-0.8113186420441993,-0.7034000981243429,-0.867884678463503,-63.24424147605896,-0.03643333911895752,2.047520875930786,0.18140209252221476,-0.5389863547758285,-0.08089668615984402,-0.449317738791423,-0.4220272904483431,0.10233918128654973,0.47953216374269014,0.6,0.6,0.6,0.6,0.6,0.6,0.6
0,137,-0.6655656695365906,-0.8197659850120544,1.3618826570361404,133.00487578315168,0.11080667499993724,-0.24837164993970284,-0.40692711650976343,0.8192164961086845,-0.0916090013829689,0.5122560154024116,-62.4454140663147,-0.0345282256603241,4.350638389587402,-0.35238234867884066,-0.20662768031189083,0.52729044834308,0.45321637426900585,-0.49610136452241715,-0.4327485380116959,-0.5243664717348928,0.6,0.6,0.6,0.6,0.6,0.6,0.6
0,138,-0.6744140386581421,-0.8154339790344238,1.465650073301991,134.47052585645366,-0.541006091439306,0.9288231996621132,-0.35110632625628346,-0.3006430799593094,-0.16734512691413994,0.038663598634663066,-66.55656695365906,0.07352828979492188,-6.288051605224609,0.11623054078731533,0.0584795321637428,-0.16959064327485385,-0.26900584795321636,0.45906432748538006,-0.08089668615984402,0.2992202729044835,0.6,0.6,0.6,0.6,0.6,0.6,0.6
0,139,-0.6684865355491638,-0.799612283706665,1.4102667912847224,135.8807926477384,0.6358072150204666,-0.5673954432718564,-0.9014183544121663,-0.2690135240249487,-0.653234741337402,0.5344227931482242,-67.44140386581421,0.008978694677352905,0.4332005977630615,0.03881445899836598,-0.33333333333333337,0.5614035087719298,-0.22319688109161795,-0.18031189083820665,-0.0964912280701754,0.031189083820662766,0.6,0.6,0.6,0.6,0.6,0.6,0.6
0,140,-0.6565174460411072,-0.8078436255455017,1.2941867206098028,137.1749793683482,0.8505246524681311,-0.9532283167261051,0.4691312399556682,-0.5349619372693355,-0.06090010666961487,0.9942393949260593,-66.84865355491638,0.019546598196029663,1.582169532775879,0.07648066957572408,0.3879142300194931,-0.3255360623781677,-0.4970760233918129,-0.1335282651072125,-0.35185185185185186,0.3294346978557505,0.6,0.6,0.6,0.6,0.6,0.6,0.6
0,141,-0.662399411201477,-0.8161572813987732,1.3761962774556218,138.55117564580382,0.778509634768032,-0.3565729404394222,-0.8623122229955524,0.8939505613857603,0.711150900104685,-0.8424351044000327,-65.65174460411072,-0.04190802574157715,-0.823134183883667,0.1575760526782078,0.5058479532163742,-0.594541910331384,0.24269005847953218,-0.3469785575048733,-0.06140350877192979,0.5925925925925926,0.6,0.6,0.6,0.6,0.6,0.6,0.6
0,142,-0.6634752154350281,-0.833691418170929,1.259228742039854,139.81040438784368,0.3852503412592061,0.1740691525598519,-0.2605571800975126,-0.031275636619778835,0.2820537071741569,0.6413498401508015,-66.2399411201477,-0.022986531257629395,-0.8313655853271484,-0.09262820512765886,0.46686159844054576,-0.232943469785575,-0.5526315789473684,0.4844054580896686,0.3957115009746588,-0.530214424951267,0.6,0.6,0.6,0.6,0.6,0.6,0.6
0,143,-0.6703928112983704,-0.837708055973053,1.4360263287213288,141.24643071656502,0.4172735289972269,0.4861245632950073,0.6244798932713451,-0.1341860184925887,0.40759281031612016,-0.17724695613716213,-66.34752154350281,0.03738999366760254,-1.7534136772155762,0.21274353747915978,0.23099415204678353,0.10428849902534121,-0.1686159844054581,-0.031189083820662766,0.1549707602339181,0.37329434697855746,0.6,0.6,0.6,0.6,0.6,0.6,0.6
0,144,-0.6613820195198059,-0.8337709307670593,1.264549362643756,142.51098007920876,-0.2885993851103066,0.6980613083085587,-0.8475206672176474,-0.43902125235164235,0.037107434098994974,0.46621837439125824,-67.03928112983704,0.00216066837310791,-0.40166378021240234,0.05639029991837011,0.24171539961013644,0.2865497076023391,0.3576998050682261,-0.1042884990253411,0.22222222222222232,-0.11890838206627685,0.6,0.6,0.6,0.6,0.6,0.6,0.6
0,145,-0.6587167382240295,-0.8328385353088379,1.2760659888617665,143.78704606807054,0.5213334817512862,0.050825449313620874,0.06525339280261355,0.5088188269460541,-0.5820058863250333,0.9026086618376816,-66.1357581615448,-0.009019672870635986,0.388866662979126,0.20123479122170995,-0.16959064327485385,0.4307992202729045,-0.48830409356725146,-0.24561403508771928,0.034113060428849984,0.2836257309941521,0.6,0.6,0.6,0.6,0.6,0.6,0.6
0,146,-0.6473929286003113,-0.8472698330879211,1.424683704348575,145.21172977241912,-0.629071046779146,0.24185960795990757,0.794668058212574,0.16094462296796408,0.9530001000441464,-0.8465260249534645,-65.87167382240295,-0.018846243619918823,0.09808540344238281,0.1820468827406742,0.30896686159844045,0.01754385964912286,0.014619883040935644,0.2826510721247564,-0.3713450292397661,0.5409356725146199,0.6,0.6,0.6,0.6,0.6,0.6,0.6
0,147,-0.6408053636550903,-0.8521717190742493,1.1917096454514169,146.40343941787054,-0.7382049679387683,-0.611247561220805,-0.1387365818883859,0.7775411921832853,-0.4401331572465872,0.1537661287439278,-64.73929286003113,0.026395171880722046,-1.4431297779083252,-0.0011032673533855409,-0.38888888888888884,0.11793372319688111,0.43469785575048725,0.05750487329434706,0.5263157894736843,-0.5311890838206628,0.6,0.6,0.6,0.6,0.6,0.6,0.6
0,148,-0.6646775603294373,-0.7586031556129456,1.1900346830500104,147.59347410092056,0.5834433355542634,0.7162194022392807,-0.4580148046974237,-0.6606371238762605,-0.8254763083394698,-0.7817387284355335,-64.08053636550903,0.022193044424057007,-0.4901885986328125,0.21568867543356116,-0.4434697855750487,-0.3664717348927875,-0.06432748538011701,0.4892787524366471,-0.23684210526315785,0.09844054580896677,0.6,0.6,0.6,0.6,0.6,0.6,0.6
0,149,-0.6653609275817871,-0.7865092754364014,1.38317778255184,148.9766518834724,0.5050539144886961,-0.31864940542600806,0.2044444930993885,-0.9057271177482482,-0.26296155986371295,0.9049967341089025,-66.46775603294373,-0.0008217990398406982,9.356856346130371,-0.28546568350104673,0.364522417153996,0.4463937621832359,-0.24951267056530213,-0.32261208576998046,-0.4522417153996101,-0.4551656920077972,0.6,0.6,0.6,0.6,0.6,0.6,0.6
0,150,-0.6732506155967712,-0.8049386739730835,1.408152075480534,150.38480395895294,0.49849121296291554,-0.3830951816560684,-0.7430595144331964,0.6616630345984447,0.6889065409192474,0.00294997090005511,-66.53609275817871,-0.05732700228691101,-2.790611982345581,0.09433254657766636,0.3128654970760234,-0.1949317738791423,0.12962962962962954,-0.550682261208577,-0.17153996101364521,0.537037037037037,0.6,0.6,0.6,0.6,0.6,0.6,0.6
0,151,-0.6707476377487183,-0.8059713244438171,1.3421317579909267,151.72693571694387,0.788382062152106,0.1836960121863409,-0.34985619031541537,-0.9775780874475237,0.643406183551267,0.1594154916589614,-67.32506155967712,0.035853683948516846,-1.842939853668213,0.09281429205918386,0.29239766081871355,-0.2514619883040936,-0.48245614035087714,0.3401559454191032,0.37037037037037046,-0.01754385964912286,0.6,0.6,0.6,0.6,0.6,0.6,0.6
0,152,-0.667792797088623,-0.8040010333061218,1.2310784890280333,152.9580142059719,0.2837044530743562,0.7323320806231242,-0.5186412371418252,0.05589774506758949,0.03354805906659952,0.901228296473076,-67.07476377487183,0.028257817029953003,-0.10326504707336426,0.15134309233487625,0.4844054580896686,0.12183235867446385,-0.20272904483430798,-0.560428849902534,0.3908382066276803,0.08674463937621835,0.6,0.6,0.6,0.6,0.6,0.6,0.6
0,153,-0.6748183965682983,-0.7995511293411255,1.4463625911160585,154.40437679708796,-0.46187926371361554,0.8858388572271374,-0.14109918428834267,0.8644986187425121,-0.8998119836127232,0.40826801875729446,-66.7792797088623,-0.0029884278774261475,0.19702911376953125,0.2536125247520579,0.1764132553606237,0.4405458089668617,-0.32456140350877194,0.011695906432748648,0.007797270955165692,0.5497076023391814,0.6,0.6,0.6,0.6,0.6,0.6,0.6
0,154,-0.6786324381828308,-0.7759313583374023,1.4217144786137725,155.82609127570174,-0.2792299697280616,-0.3687992383185079,-0.16537666311692645,-0.33614853882456064,-0.8084851688127572,0.6236719454684216,-67.48183965682983,-0.0028699636459350586,0.4449903964996338,0.05932014372069305,-0.28752436647173485,0.5146198830409356,-0.11208576998050679,0.49902534113060426,-0.5536062378167641,0.24463937621832366,0.6,0.6,0.6,0.6,0.6,0.6,0.6
0,155,-0.6841874122619629,-0.7959615588188171,1.3995244309948023,157.22561570669654,-0.9309986616708938,0.7992941202464048,-0.19608140457171963,-0.0644355491530233,0.6000605677812514,0.22671532222089708,-67.86324381828308,0.015121698379516602,2.3619771003723145,0.09551955041192962,-0.17251461988304095,-0.21539961013645226,-0.0799220272904484,-0.17251461988304095,-0.4766081871345029,0.3820662768031189,0.6,0.6,0.6,0.6,0.6,0.6,0.6
0,156,-0.6747034788131714,-0.7935696244239807,1.3727290838700628,158.5983447905666,0.9860199676138632,0.5321774771205317,0.4906754767568968,0.5735703598882735,-0.5808136642215576,0.5608944433919849,-68.41874122619629,-0.030552595853805542,-2.0030200481414795,0.1347317803815724,-0.5740740740740741,0.4678362573099415,-0.14327485380116955,-0.06725146198830412,0.33333333333333326,0.12768031189083828,0.6,0.6,0.6,0.6,0.6,0.6,0.6
0,157,-0.6674041748046875,-0.7967243194580078,1.3003436336721559,159.89868842423877,-0.3400566397516174,0.9644345574325277,0.9099073703418019,-0.38054987402298934,-0.6617298743502695,0.7684856817938535,-67.47034788131714,-0.01858919858932495,0.23919343948364258,0.13260731483607724,0.6072124756335282,0.3323586744639375,0.27972709551656916,0.32748538011695905,-0.36744639376218324,0.32748538011695905,0.6,0.6,0.6,0.6,0.6,0.6,0.6
0,158,-0.667618989944458,-0.8005435466766357,1.1851995269915077,161.08388795123028,0.18724902961868506,-0.727406000265959,-0.03184166376566555,0.48055526729490583,-0.4469279297258666,0.7412036222636755,-66.74041748046875,-0.005856156349182129,-0.31546950340270996,0.18319694573513756,-0.2056530214424951,0.5838206627680311,0.5409356725146199,-0.232943469785575,-0.40253411306042886,0.45321637426900585,0.6,0.6,0.6,0.6,0.6,0.6,0.6
0,159,-0.7032175064086914,-0.786734938621521,1.546691278280473,162.63057922951074,-0.43261982289630585,0.36280203518734,-0.03577281958029688,-0.5913430173254861,-0.27620915462477225,0.004964661155512973,-66.7618989944458,-0.014005601406097412,-0.38192272186279297,0.2989768292060791,0.1150097465886939,-0.38888888888888884,0.006822612085769952,0.30604288499025345,-0.27192982456140347,0.4483430799220274,0.6,0.6,0.6,0.6,0.6,0.6,0.6
0,160,-0.6752842664718628,-0.8060827255249023,1.3409481793257896,163.97152740883652,-0.8908084600224193,-0.042800356285396024,-0.3057710900169699,0.5213370780797912,0.8035425605117215,0.05054511319802302,-70.32175064086914,0.06479024887084961,1.3808608055114746,0.04770418964427295,-0.26120857699805067,0.230019493177388,0.007797270955165692,-0.3206627680311891,-0.14912280701754388,0.015594541910331383,0.6,0.6,0.6,0.6,0.6,0.6,0.6
0,161,-0.6828928589820862,-0.79386305809021,1.524829054273004,165.49635646310952,-0.13393289792101637,-0.2797879272680661,-0.46054558506577026,0.5631798849030669,0.37892668833357135,-0.7125230638512072,-67.52842664718628,-0.015719980001449585,-1.9347786903381348,0.16613960181163712,-0.5536062378167641,-0.042884990253411304,-0.20662768031189083,0.2709551656920077,0.4522417153996101,0.016569200779727122,0.6,0.6,0.6,0.6,0.6,0.6,0.6
0,162,-0.6306118369102478,-0.8283397555351257,1.0181129277631802,166.5144693908727,0.33340819460931614,-0.5224602055125505,0.3225923247615259,0.9470452226028201,0.11377765483310975,0.8662141755754058,-68.28928589820862,-0.01139417290687561,1.2219667434692383,0.005439087977693349,-0.09746588693957114,-0.17836257309941517,-0.2855750487329435,0.3372319688109162,0.23684210526315796,-0.42690058479532167,0.6,0.6,0.6,0.6,0.6,0.6,0.6
0,163,-0.651908814907074,-0.8324857950210571,1.2023146590996148,167.71678404997232,0.3767737356520098,-0.2626736624255215,0.3804909202042681,0.1683428254707795,-0.13271972219138362,0.18788501928328816,-63.06118369102478,-0.005129724740982056,-3.447669744491577,0.3614212079729998,0.18908382066276808,-0.3372319688109162,0.1598440545808968,0.5292397660818713,0.040935672514619936,0.5107212475633529,0.6,0.6,0.6,0.6,0.6,0.6,0.6
0,164,-0.6345639824867249,-0.8279253244400024,1.0335400352445059,168.75032408521682,0.6410815618074939,0.9228077466473279,-0.010484735887918095,-0.2513550684682171,0.4771571445907181,0.7948992089248521,-65.1908814907074,-0.023034214973449707,-0.41460394859313965,0.2362541433836095,0.21442495126705663,-0.16764132553606237,0.22807017543859653,0.1150097465886939,-0.06627680311890838,0.12670565302144254,0.6,0.6,0.6,0.6,0.6,0.6,0.6
0,165,-0.6413534879684448,-0.7111665606498718,1.0464700665232036,169.79679415174002,0.9357462412480391,0.9546580840745631,-0.7525318448434832,-0.9055131552756965,-0.5836403137839106,-0.9172973489249601,-63.456398248672485,0.022160261869430542,0.45604705810546875,0.35671315753120797,0.37816764132553615,0.5506822612085771,-0.014619883040935644,-0.16179337231968816,0.28752436647173485,0.47173489278752445,0.6,0.6,0.6,0.6,0.6,0.6,0.6
0,166,-0.692320704460144,-0.7728872895240784,1.5280644070577167,171.32485855879773,0.05149710853902256,-0.06074765230756962,0.016174029778856402,-0.29247429134018343,0.19341508146817854,0.3871849971012751,-64.13534879684448,0.020662695169448853,11.675876379013062,-0.3624467744069662,0.5565302144249513,0.5779727095516569,-0.43664717348927873,-0.5165692007797271,-0.3235867446393762,-0.5311890838206628,0.6,0.6,0.6,0.6,0.6,0.6,0.6
0,167,-0.646483302116394,-0.8473672866821289,1.1931791729359107,172.51803773173364,0.4963742332207328,0.3061002756448681,0.8433259247244527,0.9005230828784876,0.8135600891969734,0.12580784739336548,-69.2320704460144,0.0063672661781311035,-6.172072887420654,0.03154510409892074,0.026315789473684292,-0.05750487329434695,-0.0292397660818714,-0.22612085769980506,0.08674463937621835,0.22319688109161784,0.6,0.6,0.6,0.6,0.6,0.6,0.6
0,168,-0.6534186005592346,-0.8439943194389343,1.2228881588434708,173.7409258905771,-0.3085458045388969,0.9131420726247943,-0.8719708490694327,0.7376039056278059,-0.21050758537459324,0.08977194055150917,-64.6483302116394,-0.014304369688034058,-7.447999715805054,0.23005059338347564,0.27972709551656916,0.14230019493177393,0.45321637426900585,0.18421052631578938,0.4113060428849902,0.060428849902534054,0.6,0.6,0.6,0.6,0.6,0.6,0.6
0,169,-0.6660192608833313,-0.8273849487304688,1.2411729201997725,174.98209881077688,-0.40771058275481087,-0.4748727620362554,0.3641439623924654,-0.011968298252595266,-0.98659266229684,0.9437024249700101,-65.34186005592346,-0.023443251848220825,0.337296724319458,0.2199862513139029,-0.18031189083820665,0.5692007797270955,-0.4844054580896686,0.49317738791423005,-0.0828460038986355,0.06140350877192979,0.6,0.6,0.6,0.6,0.6,0.6,0.6
0,170,-0.5914024710655212,-0.8754932880401611,0.8483197147414092,175.8304185255183,-0.3354516046334288,0.061233940911353146,0.766427347739443,0.8323758751950969,0.9999453972455801,0.6718565860850143,-66.60192608833313,0.016657263040542603,1.6609370708465576,0.23827699026208413,-0.23976608187134507,-0.2826510721247564,0.2485380116959064,0.026315789473684292,-0.5692007797270955,0.5838206627680311,0.6,0.6,0.6,0.6,0.6,0.6,0.6
0,171,-0.6822929382324219,-0.845368504524231,1.325722773229713,177.156141298748,-0.3865493315221957,0.8447284782124891,-0.6274371218908683,-0.9029469133530519,-0.7132309409362527,0.6434376658106327,-59.140247106552124,-0.025759637355804443,-4.810833930969238,0.4304158090080803,-0.22319688109161795,0.014619883040935644,0.41617933723196887,0.42105263157894735,0.45906432748538006,0.39473684210526305,0.6,0.6,0.6,0.6,0.6,0.6,0.6
0,172,-0.6864244341850281,-0.8459198474884033,1.4934974503239529,178.64963874907195,0.31135648438254315,-0.7741479304241909,0.03314370252850951,0.8281230169073328,0.713741769536947,-0.7511715668377104,-68.22929382324219,0.09785816073417664,3.0124783515930176,0.20270159355008668,-0.2241715399610137,0.5389863547758285,-0.3099415204678363,-0.15984405458089668,-0.24561403508771928,0.4035087719298245,0.6,0.6,0.6,0.6,0.6,0.6,0.6
0,173,-0.6872760057449341,-0.8098400235176086,1.5291134806913385,180.1787522297633,0.9251204247233253,0.5380782420154906,-0.9176506482500255,-0.5078041905438047,-0.9525309388183225,0.49375258439593583,-68.64244341850281,-0.01656264066696167,-0.05513429641723633,-0.047680744305229915,0.18031189083820665,-0.48635477582846,-0.015594541910331383,0.46393762183235876,0.3927875243664718,-0.4736842105263158,0.6,0.6,0.6,0.6,0.6,0.6,0.6
0,174,-0.6913235187530518,-0.7883545756340027,1.3425683187541744,181.52132054851745,0.753914813644845,0.4062666632180718,0.6888337341533952,-0.19127462034050202,-0.8244376570636942,-0.278747391110296,-68.72760057449341,-0.04294738173484802,3.6079823970794678,0.014709908782947739,0.5662768031189085,0.3401559454191032,-0.5116959064327485,-0.24269005847953218,-0.5116959064327485,0.31189083820662766,0.6,0.6,0.6,0.6,0.6,0.6,0.6
0,175,-0.708953320980072,-0.8631404638290405,1.3784436372359323,182.89976418575338,0.13973527867969504,0.5076066582209875,0.29950249346032454,0.3537923691893461,0.03642519880570916,0.7544359697296459,-69.13235187530518,-0.01961439847946167,2.1485447883605957,-0.213904941804476,0.4522417153996101,0.23684210526315796,0.40740740740740744,-0.12962962962962965,-0.5107212475633529,-0.16959064327485385,0.6,0.6,0.6,0.6,0.6,0.6,0.6
0,176,-0.6315372586250305,-0.8966435194015503,0.9156307573679998,183.8153949431214,0.4069332170793363,0.8552302308409432,0.5298963123223581,0.7720043195544768,0.48237710455608407,0.9885633840346204,-70.8953320980072,0.019799917936325073,-7.478588819503784,0.2346465783243193,0.07407407407407418,0.29337231968810906,0.15302144249512661,0.1734892787524367,-0.011695906432748537,0.43664717348927873,0.6,0.6,0.6,0.6,0.6,0.6,0.6
0,177,-0.7375478148460388,-0.8571456074714661,1.6116913953333467,185.42708633845473,-0.5676819510657325,0.6649942901871309,-0.49974902624177786,0.11881181830316967,-0.07879459327689764,-0.881894110916507,-63.15372586250305,-0.03221184015274048,-3.3503055572509766,0.4664038305464443,0.23099415204678353,0.50682261208577,0.2943469785575048,0.42397660818713456,0.2456140350877194,0.5779727095516569,0.6,0.6,0.6,0.6,0.6,0.6,0.6
0,178,-0.7305326461791992,-0.8488199710845947,1.6637383435995559,187.0908246820543,-0.33583985968392427,-0.5701068962920384,0.9925236264192645,-0.5105492371150211,-0.8497204185514176,0.21276238286085447,-73.75478148460388,0.0730857253074646,3.949791193008423,-0.09870322402006117,-0.33820662768031184,0.4113060428849902,-0.27387914230019494,0.11695906432748537,-0.010721247563352798,-0.5087719298245614,0.6,0.6,0.6,0.6,0.6,0.6,0.6
0,179,-0.7367740869522095,-0.8461254239082336,1.6448230608952592,188.73564774294954,0.08926889220520073,-0.663790958646777,-0.13646080625965795,0.6330767880145733,-0.790152417227389,-0.15054142412037286,-73.05326461791992,-0.02486109733581543,0.8325636386871338,0.022136526596098507,-0.21052631578947367,-0.347953216374269,0.6023391812865497,-0.2962962962962963,-0.4922027290448343,0.1335282651072125,0.6,0.6,0.6,0.6,0.6,0.6,0.6
0,180,-0.7212160229682922,-0.8568927645683289,1.5424928235105129,190.27814056646005,0.17894387810744594,0.7111058242641997,0.9838418794753394,0.6045995599222802,-0.05584466876151706,-0.740260011371406,-73.67740869522095,-0.007845461368560791,0.2694547176361084,-0.0628460411731475,0.050682261208577106,-0.398635477582846,-0.07699805068226118,0.3820662768031189,-0.48538011695906436,-0.09064327485380119,0.6,0.6,0.6,0.6,0.6,0.6,0.6
0,181,-0.7084899544715881,-0.8803192973136902,1.3576274815623348,191.63576804802238,-0.4458960494974338,0.9001202886653961,0.34022307508774396,0.4270109839450853,-0.5417665546156409,0.8575985386476697,-72.12160229682922,0.034831464290618896,-1.0767340660095215,-0.11147587633936872,0.08966861598440556,0.4113060428849902,0.5701754385964912,0.3265107212475633,-0.06432748538011701,-0.45614035087719296,0.6,0.6,0.6,0.6,0.6,0.6,0.6
0,182,-0.7561740279197693,-0.8259370923042297,1.648240077832135,193.2840081258545,-0.3653856015356205,-0.08905979402215425,-0.8400635502816403,0.517916343254003,-0.6300322600680528,-0.5634781604682086,-70.84899544715881,-0.009840726852416992,-2.342653274536133,0.253942509622974,-0.26608187134502925,0.5584795321637428,0.23391812865497075,0.2651072124756335,-0.3362573099415205,0.5077972709551657,0.6,0.6,0.6,0.6,0.6,0.6,0.6
0,183,-0.7432519197463989,-0.8474788069725037,1.7281812586707122,195.01218938452521,-0.3223573052103632,0.9624504442564206,0.34151156456357046,0.698625664106926,-0.6337714360779747,-0.024525431900828343,-75.61740279197693,0.02881661057472229,5.438220500946045,-0.1293834455942224,-0.22514619883040932,-0.049707602339181256,-0.4922027290448343,0.33528265107212474,-0.3615984405458089,-0.32261208576998046,0.6,0.6,0.6,0.6,0.6,0.6,0.6
0,184,-0.7360910773277283,-0.8582483530044556,1.6262488139408275,196.63843819846605,0.5010179692991585,-0.7143910136373446,0.05516888223091532,0.637576288137579,0.7257924270861649,-0.5588169662385736,-74.32519197463989,-0.050961971282958984,-2.1541714668273926,-0.0024700473904796165,-0.20760233918128657,0.5682261208576997,0.1929824561403508,0.4064327485380117,-0.398635477582846,-0.033138401559454245,0.6,0.6,0.6,0.6,0.6,0.6,0.6
0,185,-0.6923402547836304,-0.875012993812561,1.1731422604025048,197.81158045886855,-0.9859126647818564,-0.036405115291464396,-0.2798995492357661,0.9635863673367226,0.6582405500296507,0.6143911914966491,-73.60910773277283,0.019013136625289917,-1.0769546031951904,0.07901871022512287,0.30799220272904493,-0.41617933723196876,0.05165692007797262,0.38109161793372315,0.4259259259259258,-0.34892787524366475,0.6,0.6,0.6,0.6,0.6,0.6,0.6
0,186,-0.692052960395813,-0.8736058473587036,1.1453210173079862,198.95690147617654,-0.4368875194079844,0.9007818635526841,-0.8479206672737434,0.9692439642825879,-0.2391087253656201,0.8553345936161854,-69.23402547836304,-0.05164593458175659,-1.6764640808105469,0.3865288166921867,-0.5994152046783625,-0.022417153996101336,-0.17543859649122806,0.5653021442495128,0.38109161793372315,0.3557504873294346,0.6,0.6,0.6,0.6,0.6,0.6,0.6
0,187,-0.7238019108772278,-0.881335437297821,1.4972383709901531,200.4541398471667,-0.33209916416843854,-0.03464681919321433,-0.08222943828494023,0.7665993082782216,-0.33369585447943817,-0.13726020672444195,-69.2052960395813,0.03681555390357971,0.1407146453857422,0.4134456435403618,-0.2807017543859649,0.5428849902534114,-0.5214424951267056,0.5867446393762183,-0.13742690058479534,0.5185185185185186,0.6,0.6,0.6,0.6,0.6,0.6,0.6
0,188,-0.7250319719314575,-0.8818099498748779,1.4567772976238589,201.91091714479055,0.8577423585567301,0.05432682809062794,0.6465549988431918,-0.5774096511512914,0.25270981129299264,0.040686230361972164,-72.38019108772278,-0.003851950168609619,-0.7729589939117432,0.16551171108939416,-0.20272904483430798,-0.010721247563352798,-0.042884990253411304,0.4756335282651072,-0.1842105263157895,-0.07407407407407407,0.6,0.6,0.6,0.6,0.6,0.6,0.6
0,189,-0.7387007474899292,-0.8615605235099792,1.689639369712797,203.60055651450335,0.8858721876894655,0.6463914423279111,0.8085039933153682,0.2644183150807371,-0.6380501861769114,-0.45242836686198085,-72.50319719314575,0.04413127899169922,-0.04745125770568848,0.21016989903868744,0.5224171539961013,0.0399610136452242,0.4005847953216375,-0.32456140350877194,0.16276803118908378,0.023391812865497075,0.6,0.6,0.6,0.6,0.6,0.6,0.6
0,190,-0.7493510842323303,-0.8503325581550598,1.736963383025832,205.33751989752918,-0.42232592027521076,-0.8923377234281642,-0.7830270970720956,0.9281191087357608,-0.3581090164667011,-0.37839538206821133,-73.87007474899292,-0.008008629083633423,2.024942636489868,-0.02482633893033876,0.5263157894736843,0.38109161793372315,0.47270955165691997,0.15692007797270957,-0.3791423001949318,-0.2651072124756335,0.6,0.6,0.6,0.6,0.6,0.6,0.6
0,191,-0.7131901383399963,-0.8859188556671143,1.298530180341404,206.63605007787058,0.06758142150675694,0.7094630253123937,0.1436450765771644,0.908025329155769,-0.2865093528667917,0.995202345674784,-74.93510842323303,-0.013262033462524414,1.1227965354919434,0.015669528020403493,-0.24951267056530213,-0.5185185185185186,-0.45029239766081874,0.5750487329434697,-0.20467836257309946,-0.22514619883040932,0.6,0.6,0.6,0.6,0.6,0.6,0.6
0,192,-0.7406935691833496,-0.8808936476707458,1.5393692344636247,208.1754193123342,0.2212458166643838,-0.9350848256663462,0.5291507008649607,-0.303066033917168,-0.467831753541861,0.3459306539825069,-71.31901383399963,0.05476847290992737,-3.5586297512054443,0.3285422632293377,0.020467836257309857,0.3070175438596492,0.04385964912280693,0.5048732943469785,-0.20467836257309946,0.5857699805068226,0.6,0.6,0.6,0.6,0.6,0.6,0.6
0,193,-0.7277942299842834,-0.87925124168396,1.447650296790453,209.62306960912466,-0.6348778627354941,-0.6601842594978988,-0.25042629362227875,-0.628191314115077,0.5516948359172591,0.43316100498344823,-74.06935691833496,-0.034387409687042236,0.5025207996368408,0.18216100237045826,0.13450292397660824,-0.5409356725146199,0.3586744639376218,-0.13742690058479534,-0.26120857699805067,0.22514619883040932,0.6,0.6,0.6,0.6,0.6,0.6,0.6
0,194,-0.7525236010551453,-0.8499139547348022,1.6266130258238274,211.24968263494847,-0.46254641568765154,-0.0930261165436237,0.009890019129962235,-0.5549105321227694,0.25750278380350444,-0.9481623853079393,-72.77942299842834,-0.01001805067062378,0.16424059867858887,0.2287692207267938,-0.384990253411306,-0.40740740740740744,-0.14035087719298245,-0.3742690058479532,0.3323586744639375,0.24951267056530213,0.6,0.6,0.6,0.6,0.6,0.6,0.6
0,195,-0.7258249521255493,-0.8584079742431641,1.491801062884207,212.74148369783268,-0.942875483333353,-0.5586213844579033,-0.564847911591916,-0.914906762208402,0.5649047222760115,0.3555671956880091,-75.25236010551453,0.006499886512756348,2.9337286949157715,-0.13758695134557272,-0.2943469785575049,-0.06140350877192979,-0.00974658869395717,-0.34113060428849906,0.16276803118908378,-0.5682261208576997,0.6,0.6,0.6,0.6,0.6,0.6,0.6
0,196,-0.7498855590820312,-0.8403416872024536,1.618071600985654,214.35955529881832,-0.020324974917365513,-0.888439865377358,0.07555131484824651,0.8569165027404639,-0.720982661853883,-0.4380745305141689,-72.58249521255493,-0.010986626148223877,-0.8494019508361816,0.17785872681393677,-0.5721247563352827,-0.3421052631578947,-0.32163742690058483,-0.5399610136452242,0.3421052631578947,0.2085769980506822,0.6,0.6,0.6,0.6,0.6,0.6,0.6
0,197,-0.755065381526947,-0.8708814382553101,1.7280139176332838,216.0875692164516,0.4973860539828956,-0.07763032695864047,-0.43711675996211996,0.22702803724665999,0.8186100573632904,-0.34643214983890713,-74.98855590820312,0.02437680959701538,1.806628704071045,-0.13650359679286908,-0.024366471734892814,-0.5575048732943471,0.016569200779727122,0.49902534113060426,-0.4522417153996101,-0.26120857699805067,0.6,0.6,0.6,0.6,0.6,0.6,0.6
0,198,-0.7590149641036987,-0.8692776560783386,1.6698240036928103,217.75739322014442,-0.8761608235603369,-0.7538136331231855,0.224005262410772,-0.6337050217260392,-0.3730604066604126,0.23476383964957126,-75.5065381526947,-0.0074103474617004395,-3.0539751052856445,0.045519871025268485,0.2884990253411306,-0.07309941520467833,-0.2962962962962963,0.10038986354775825,0.4444444444444444,-0.2348927875243665,0.6,0.6,0.6,0.6,0.6,0.6,0.6
0,199,-0.7608815431594849,-0.8599209785461426,1.7878792443183156,219.54527246446273,0.5810155396403405,0.08016210040398719,-0.055293321835814924,-0.7022854420911413,0.7987446373804068,-0.446452923191724,-75.90149641036987,0.01262575387954712,0.16037821769714355,0.11833146151441237,-0.5311890838206628,-0.4541910331384016,0.15302144249512661,-0.35477582846003897,-0.1900584795321637,0.1471734892787524,0.6,0.6,0.6,0.6,0.6,0.6,0.6
0,200,-0.7643370628356934,-0.8598687648773193,1.7645013836454289,221.30977384810816,0.024550662327371464,-0.03994972564246413,0.5101018491920006,-0.6635832846953957,0.2805501565117057,-0.5052139881524225,-76.08815431594849,-0.003415346145629883,0.9356677532196045,-0.007236848517805091,0.35380116959064334,0.0399610136452242,-0.042884990253411304,-0.43469785575048736,0.47270955165691997,-0.2699805068226121,0.6,0.6,0.6,0.6,0.6,0.6,0.6
