Episode,Ind_Q1_Loss,Ind_Q2_Loss,Ind_Policy_Loss,Pop_Q1_Loss,Pop_Q2_Loss,Pop_Policy_Loss
11,485613.78,485609.94,-3.9591548,0,0,0
12,241295.98,241309.62,-4.3749657,0,0,0
13,452424.53,452520.56,-5.8259735,0,0,0
14,327898.56,328091.94,-9.179918,0,0,0
15,267556.3,267795.5,-14.805872,0,0,0
16,548644.94,549747.75,-24.6798,0,0,0
17,495535.12,497871.88,-41.29878,0,0,0
18,508116.47,514996.88,-62.758358,0,0,0
19,356034.8,357850.5,-86.16399,0,0,0
20,279076.38,284017.44,-129.70798,0,0,0
21,302904.6,312960.62,-194.60086,0,0,0
22,313220.97,324195.12,-260.6265,0,0,0
23,141444.72,149730.97,-334.11206,0,0,0
24,220986.06,228625.78,-478.44284,0,0,0
25,218162.25,228225.12,-565.5537,0,0,0
