Episode,Ind_Q1_Loss,Ind_Q2_Loss,Ind_Policy_Loss,Pop_Q1_Loss,Pop_Q2_Loss,Pop_Policy_Loss
11,3.0925465,3.1046717,-4.0603933,0,0,0
12,0.10246037,0.272945,-6.445025,0,0,0
13,0.044875905,0.046607025,-10.977198,0,0,0
14,0.1307007,0.13618973,-15.810476,0,0,0
15,0.22016983,0.22303863,-20.620396,0,0,0
16,0.3408906,0.34772897,-25.519169,0,0,0
17,0.4452852,0.45712706,-29.984282,0,0,0
18,0.51322204,0.52105415,-34.294266,0,0,0
19,0.6169909,0.62654364,-38.84501,0,0,0
20,1.007843,1.0184989,-43.33065,0,0,0
21,1.2994015,1.3168769,-47.17618,0,0,0
22,1.6635389,1.6715395,-51.406517,0,0,0
23,1.7767456,1.7946727,-55.61489,0,0,0
24,2.3212893,2.3248827,-59.26741,0,0,0
25,2.17915,2.1732752,-63.10933,0,0,0
26,1.5029538,1.5032508,-66.55072,0,0,0
27,3.434271,3.444093,-70.06659,0,0,0
28,3.2153733,3.2241306,-73.52334,0,0,0
29,3.2508235,3.260919,-76.829636,0,0,0
